0.0000,-62.8463
0.0100,-63.0606
0.0200,-63.2738
0.0300,-63.4860
0.0400,-63.6971
0.0500,-63.9071
0.0600,-64.1162
0.0700,-64.3242
0.0800,-64.5312
0.0900,-64.7372
0.1000,-64.9421
0.1100,-65.1461
0.1200,-65.3491
0.1300,-65.5511
0.1400,-65.7522
0.1500,-65.9522
0.1600,-66.1513
0.1700,-66.3495
0.1800,-66.5467
0.1900,-66.7430
0.2000,-66.9384
0.2100,-67.1328
0.2200,-67.3263
0.2300,-67.5189
0.2400,-67.7105
0.2500,-67.9013
0.2600,-68.0912
0.2700,-68.2802
0.2800,-68.4683
0.2900,-68.6555
0.3000,-68.8419
0.3100,-69.0274
0.3200,-69.2120
0.3300,-69.3958
0.3400,-69.5787
0.3500,-69.7607
0.3600,-69.9420
0.3700,-70.1223
0.3800,-70.3019
0.3900,-70.4806
0.4000,-70.6585
0.4100,-70.8356
0.4200,-71.0118
0.4300,-71.1872
0.4400,-71.3619
0.4500,-71.5357
0.4600,-71.7087
0.4700,-71.8810
0.4800,-72.0524
0.4900,-72.2231
0.5000,-72.3929
0.5100,-72.5620
0.5200,-72.7303
0.5300,-72.8979
0.5400,-73.0647
0.5500,-73.2307
0.5600,-73.3959
0.5700,-73.5604
0.5800,-73.7241
0.5900,-73.8871
0.6000,-74.0493
0.6100,-74.2108
0.6200,-74.3715
0.6300,-74.5315
0.6400,-74.6908
0.6500,-74.8493
0.6600,-75.0071
0.6700,-75.1641
0.6800,-75.3205
0.6900,-75.4761
0.7000,-75.6309
0.7100,-75.7851
0.7200,-75.9386
0.7300,-76.0913
0.7400,-76.2433
0.7500,-76.3947
0.7600,-76.5453
0.7700,-76.6952
0.7800,-76.8444
0.7900,-76.9929
0.8000,-77.1407
0.8100,-77.2879
0.8200,-77.4343
0.8300,-77.5800
0.8400,-77.7251
0.8500,-77.8695
0.8600,-78.0131
0.8700,-78.1561
0.8800,-78.2985
0.8900,-78.4401
0.9000,-78.5811
0.9100,-78.7214
0.9200,-78.8610
0.9300,-78.9999
0.9400,-79.1382
0.9500,-79.2758
0.9600,-79.4128
0.9700,-79.5491
0.9800,-79.6847
0.9900,-79.8197
1.0000,-79.9540
1.0100,-80.0876
1.0200,-80.2206
1.0300,-80.3530
1.0400,-80.4847
1.0500,-80.6157
1.0600,-80.7461
1.0700,-80.8758
1.0800,-81.0049
1.0900,-81.1334
1.1000,-81.2612
1.1100,-81.3883
1.1200,-81.5149
1.1300,-81.6407
1.1400,-81.7660
1.1500,-81.8906
1.1600,-82.0145
1.1700,-82.1379
1.1800,-82.2606
1.1900,-82.3826
1.2000,-82.5041
1.2100,-82.6249
1.2200,-82.7450
1.2300,-82.8646
1.2400,-82.9835
1.2500,-83.1018
1.2600,-83.2194
1.2700,-83.3365
1.2800,-83.4529
1.2900,-83.5687
1.3000,-83.6838
1.3100,-83.7984
1.3200,-83.9123
1.3300,-84.0256
1.3400,-84.1383
1.3500,-84.2503
1.3600,-84.3618
1.3700,-84.4726
1.3800,-84.5828
1.3900,-84.6924
1.4000,-84.8014
1.4100,-84.9098
1.4200,-85.0176
1.4300,-85.1247
1.4400,-85.2313
1.4500,-85.3372
1.4600,-85.4425
1.4700,-85.5472
1.4800,-85.6513
1.4900,-85.7548
1.5000,-85.8577
1.5100,-85.9600
1.5200,-86.0616
1.5300,-86.1627
1.5400,-86.2631
1.5500,-86.3630
1.5600,-86.4622
1.5700,-86.5609
1.5800,-86.6589
1.5900,-86.7564
1.6000,-86.8532
1.6100,-86.9494
1.6200,-87.0451
1.6300,-87.1401
1.6400,-87.2345
1.6500,-87.3283
1.6600,-87.4216
1.6700,-87.5142
1.6800,-87.6062
1.6900,-87.6977
1.7000,-87.7885
1.7100,-87.8787
1.7200,-87.9684
1.7300,-88.0574
1.7400,-88.1458
1.7500,-88.2337
1.7600,-88.3209
1.7700,-88.4076
1.7800,-88.4936
1.7900,-88.5791
1.8000,-88.6640
1.8100,-88.7482
1.8200,-88.8319
1.8300,-88.9150
1.8400,-88.9975
1.8500,-89.0793
1.8600,-89.1606
1.8700,-89.2413
1.8800,-89.3214
1.8900,-89.4010
1.9000,-89.4799
1.9100,-89.5582
1.9200,-89.6359
1.9300,-89.7131
1.9400,-89.7896
1.9500,-89.8656
1.9600,-89.9409
1.9700,-90.0157
1.9800,-90.0899
1.9900,-90.1635
2.0000,-90.2365
2.0100,-90.3089
2.0200,-90.3807
2.0300,-90.4519
2.0400,-90.5225
2.0500,-90.5925
2.0600,-90.6620
2.0700,-90.7308
2.0800,-90.7991
2.0900,-90.8668
2.1000,-90.9338
2.1100,-91.0003
2.1200,-91.0662
2.1300,-91.1315
2.1400,-91.1962
2.1500,-91.2604
2.1600,-91.3239
2.1700,-91.3868
2.1800,-91.4492
2.1900,-91.5109
2.2000,-91.5721
2.2100,-91.6327
2.2200,-91.6927
2.2300,-91.7521
2.2400,-91.8109
2.2500,-91.8691
2.2600,-91.9267
2.2700,-91.9837
2.2800,-92.0402
2.2900,-92.0960
2.3000,-92.1513
2.3100,-92.2060
2.3200,-92.2601
2.3300,-92.3135
2.3400,-92.3664
2.3500,-92.4188
2.3600,-92.4705
2.3700,-92.5216
2.3800,-92.5721
2.3900,-92.6221
2.4000,-92.6714
2.4100,-92.7202
2.4200,-92.7684
2.4300,-92.8159
2.4400,-92.8629
2.4500,-92.9093
2.4600,-92.9551
2.4700,-93.0003
2.4800,-93.0450
2.4900,-93.0890
2.5000,-93.1324
2.5100,-93.1753
2.5200,-93.2176
2.5300,-93.2592
2.5400,-93.3003
2.5500,-93.3408
2.5600,-93.3807
2.5700,-93.4200
2.5800,-93.4587
2.5900,-93.4968
2.6000,-93.5343
2.6100,-93.5713
2.6200,-93.6076
2.6300,-93.6434
2.6400,-93.6785
2.6500,-93.7131
2.6600,-93.7470
2.6700,-93.7804
2.6800,-93.8132
2.6900,-93.8454
2.7000,-93.8770
2.7100,-93.9080
2.7200,-93.9384
2.7300,-93.9683
2.7400,-93.9975
2.7500,-94.0261
2.7600,-94.0542
2.7700,-94.0816
2.7800,-94.1085
2.7900,-94.1348
2.8000,-94.1605
2.8100,-94.1855
2.8200,-94.2100
2.8300,-94.2339
2.8400,-94.2572
2.8500,-94.2799
2.8600,-94.3021
2.8700,-94.3236
2.8800,-94.3445
2.8900,-94.3648
2.9000,-94.3846
2.9100,-94.4037
2.9200,-94.4223
2.9300,-94.4403
2.9400,-94.4576
2.9500,-94.4744
2.9600,-94.4906
2.9700,-94.5062
2.9800,-94.5212
2.9900,-94.5356
3.0000,-94.5356
3.0100,-94.5385
3.0200,-94.5413
3.0300,-94.5438
3.0400,-94.5460
3.0500,-94.5481
3.0600,-94.5499
3.0700,-94.5514
3.0800,-94.5528
3.0900,-94.5538
3.1000,-94.5547
3.1100,-94.5553
3.1200,-94.5557
3.1300,-94.5559
3.1400,-94.5558
3.1500,-94.5555
3.1600,-94.5549
3.1700,-94.5541
3.1800,-94.5531
3.1900,-94.5518
3.2000,-94.5503
3.2100,-94.5486
3.2200,-94.5466
3.2300,-94.5444
3.2400,-94.5420
3.2500,-94.5393
3.2600,-94.5364
3.2700,-94.5333
3.2800,-94.5299
3.2900,-94.5263
3.3000,-94.5225
3.3100,-94.5184
3.3200,-94.5141
3.3300,-94.5095
3.3400,-94.5047
3.3500,-94.4997
3.3600,-94.4945
3.3700,-94.4890
3.3800,-94.4832
3.3900,-94.4773
3.4000,-94.4711
3.4100,-94.4647
3.4200,-94.4580
3.4300,-94.4511
3.4400,-94.4440
3.4500,-94.4366
3.4600,-94.4290
3.4700,-94.4211
3.4800,-94.4131
3.4900,-94.4047
3.5000,-94.3962
3.5100,-94.3874
3.5200,-94.3784
3.5300,-94.3692
3.5400,-94.3597
3.5500,-94.3500
3.5600,-94.3400
3.5700,-94.3298
3.5800,-94.3194
3.5900,-94.3087
3.6000,-94.2978
3.6100,-94.2867
3.6200,-94.2753
3.6300,-94.2637
3.6400,-94.2519
3.6500,-94.2398
3.6600,-94.2275
3.6700,-94.2150
3.6800,-94.2022
3.6900,-94.1892
3.7000,-94.1760
3.7100,-94.1625
3.7200,-94.1488
3.7300,-94.1349
3.7400,-94.1207
3.7500,-94.1063
3.7600,-94.0916
3.7700,-94.0767
3.7800,-94.0616
3.7900,-94.0462
3.8000,-94.0307
3.8100,-94.0148
3.8200,-93.9988
3.8300,-93.9825
3.8400,-93.9660
3.8500,-93.9492
3.8600,-93.9322
3.8700,-93.9150
3.8800,-93.8975
3.8900,-93.8798
3.9000,-93.8619
3.9100,-93.8437
3.9200,-93.8253
3.9300,-93.8067
3.9400,-93.7878
3.9500,-93.7687
3.9600,-93.7493
3.9700,-93.7298
3.9800,-93.7100
3.9900,-93.6899
4.0000,-93.6696
4.0100,-93.6491
4.0200,-93.6284
4.0300,-93.6074
4.0400,-93.5862
4.0500,-93.5647
4.0600,-93.5431
4.0700,-93.5211
4.0800,-93.4990
4.0900,-93.4766
4.1000,-93.4540
4.1100,-93.4311
4.1200,-93.4080
4.1300,-93.3847
4.1400,-93.3611
4.1500,-93.3374
4.1600,-93.3133
4.1700,-93.2891
4.1800,-93.2646
4.1900,-93.2398
4.2000,-93.2149
4.2100,-93.1897
4.2200,-93.1643
4.2300,-93.1386
4.2400,-93.1127
4.2500,-93.0866
4.2600,-93.0602
4.2700,-93.0336
4.2800,-93.0068
4.2900,-92.9797
4.3000,-92.9524
4.3100,-92.9249
4.3200,-92.8971
4.3300,-92.8691
4.3400,-92.8408
4.3500,-92.8124
4.3600,-92.7837
4.3700,-92.7547
4.3800,-92.7255
4.3900,-92.6961
4.4000,-92.6665
4.4100,-92.6366
4.4200,-92.6065
4.4300,-92.5762
4.4400,-92.5456
4.4500,-92.5148
4.4600,-92.4837
4.4700,-92.4525
4.4800,-92.4209
4.4900,-92.3892
4.5000,-92.3572
4.5100,-92.3250
4.5200,-92.2926
4.5300,-92.2599
4.5400,-92.2270
4.5500,-92.1938
4.5600,-92.1604
4.5700,-92.1268
4.5800,-92.0930
4.5900,-92.0589
4.6000,-92.0246
4.6100,-91.9900
4.6200,-91.9552
4.6300,-91.9202
4.6400,-91.8849
4.6500,-91.8495
4.6600,-91.8137
4.6700,-91.7778
4.6800,-91.7416
4.6900,-91.7052
4.7000,-91.6685
4.7100,-91.6316
4.7200,-91.5945
4.7300,-91.5571
4.7400,-91.5196
4.7500,-91.4817
4.7600,-91.4437
4.7700,-91.4054
4.7800,-91.3669
4.7900,-91.3281
4.8000,-91.2891
4.8100,-91.2499
4.8200,-91.2104
4.8300,-91.1707
4.8400,-91.1308
4.8500,-91.0906
4.8600,-91.0502
4.8700,-91.0096
4.8800,-90.9687
4.8900,-90.9277
4.9000,-90.8863
4.9100,-90.8448
4.9200,-90.8030
4.9300,-90.7609
4.9400,-90.7187
4.9500,-90.6762
4.9600,-90.6334
4.9700,-90.5905
4.9800,-90.5472
4.9900,-90.5038
5.0000,-90.4601
5.0100,-90.4162
5.0200,-90.3721
5.0300,-90.3277
5.0400,-90.2831
5.0500,-90.2383
5.0600,-90.1932
5.0700,-90.1479
5.0800,-90.1023
5.0900,-90.0566
5.1000,-90.0106
5.1100,-89.9643
5.1200,-89.9178
5.1300,-89.8711
5.1400,-89.8242
5.1500,-89.7770
5.1600,-89.7296
5.1700,-89.6819
5.1800,-89.6340
5.1900,-89.5859
5.2000,-89.5375
5.2100,-89.4889
5.2200,-89.4401
5.2300,-89.3911
5.2400,-89.3418
5.2500,-89.2922
5.2600,-89.2425
5.2700,-89.1925
5.2800,-89.1422
5.2900,-89.0918
5.3000,-89.0410
5.3100,-88.9901
5.3200,-88.9389
5.3300,-88.8875
5.3400,-88.8359
5.3500,-88.7840
5.3600,-88.7319
5.3700,-88.6795
5.3800,-88.6269
5.3900,-88.5741
5.4000,-88.5210
5.4100,-88.4678
5.4200,-88.4142
5.4300,-88.3605
5.4400,-88.3065
5.4500,-88.2522
5.4600,-88.1977
5.4700,-88.1430
5.4800,-88.0881
5.4900,-88.0329
5.5000,-87.9775
5.5100,-87.9218
5.5200,-87.8659
5.5300,-87.8098
5.5400,-87.7534
5.5500,-87.6968
5.5600,-87.6400
5.5700,-87.5829
5.5800,-87.5256
5.5900,-87.4681
5.6000,-87.4103
5.6100,-87.3522
5.6200,-87.2940
5.6300,-87.2355
5.6400,-87.1768
5.6500,-87.1178
5.6600,-87.0586
5.6700,-86.9991
5.6800,-86.9394
5.6900,-86.8795
5.7000,-86.8193
5.7100,-86.7589
5.7200,-86.6983
5.7300,-86.6374
5.7400,-86.5763
5.7500,-86.5149
5.7600,-86.4534
5.7700,-86.3915
5.7800,-86.3294
5.7900,-86.2671
5.8000,-86.2046
5.8100,-86.1418
5.8200,-86.0788
5.8300,-86.0155
5.8400,-85.9520
5.8500,-85.8882
5.8600,-85.8242
5.8700,-85.7600
5.8800,-85.6956
5.8900,-85.6308
5.9000,-85.5659
5.9100,-85.5007
5.9200,-85.4353
5.9300,-85.3696
5.9400,-85.3037
5.9500,-85.2375
5.9600,-85.1711
5.9700,-85.1045
5.9800,-85.0376
5.9900,-84.9705
6.0000,-84.9705
6.0100,-85.0688
6.0200,-85.1668
6.0300,-85.2644
6.0400,-85.3617
6.0500,-85.4587
6.0600,-85.5553
6.0700,-85.6516
6.0800,-85.7475
6.0900,-85.8431
6.1000,-85.9383
6.1100,-86.0332
6.1200,-86.1278
6.1300,-86.2220
6.1400,-86.3159
6.1500,-86.4094
6.1600,-86.5026
6.1700,-86.5955
6.1800,-86.6880
6.1900,-86.7802
6.2000,-86.8721
6.2100,-86.9636
6.2200,-87.0548
6.2300,-87.1456
6.2400,-87.2362
6.2500,-87.3263
6.2600,-87.4162
6.2700,-87.5057
6.2800,-87.5949
6.2900,-87.6837
6.3000,-87.7722
6.3100,-87.8604
6.3200,-87.9482
6.3300,-88.0357
6.3400,-88.1229
6.3500,-88.2097
6.3600,-88.2962
6.3700,-88.3824
6.3800,-88.4682
6.3900,-88.5537
6.4000,-88.6389
6.4100,-88.7237
6.4200,-88.8082
6.4300,-88.8924
6.4400,-88.9763
6.4500,-89.0598
6.4600,-89.1430
6.4700,-89.2258
6.4800,-89.3084
6.4900,-89.3906
6.5000,-89.4724
6.5100,-89.5540
6.5200,-89.6352
6.5300,-89.7161
6.5400,-89.7966
6.5500,-89.8769
6.5600,-89.9568
6.5700,-90.0363
6.5800,-90.1156
6.5900,-90.1945
6.6000,-90.2731
6.6100,-90.3513
6.6200,-90.4292
6.6300,-90.5068
6.6400,-90.5841
6.6500,-90.6611
6.6600,-90.7377
6.6700,-90.8140
6.6800,-90.8899
6.6900,-90.9656
6.7000,-91.0409
6.7100,-91.1159
6.7200,-91.1905
6.7300,-91.2648
6.7400,-91.3389
6.7500,-91.4125
6.7600,-91.4859
6.7700,-91.5589
6.7800,-91.6316
6.7900,-91.7040
6.8000,-91.7760
6.8100,-91.8478
6.8200,-91.9192
6.8300,-91.9902
6.8400,-92.0610
6.8500,-92.1314
6.8600,-92.2015
6.8700,-92.2713
6.8800,-92.3407
6.8900,-92.4098
6.9000,-92.4786
6.9100,-92.5471
6.9200,-92.6152
6.9300,-92.6831
6.9400,-92.7505
6.9500,-92.8177
6.9600,-92.8846
6.9700,-92.9511
6.9800,-93.0173
6.9900,-93.0831
7.0000,-93.1487
7.0100,-93.2139
7.0200,-93.2788
7.0300,-93.3434
7.0400,-93.4076
7.0500,-93.4715
7.0600,-93.5351
7.0700,-93.5984
7.0800,-93.6614
7.0900,-93.7240
7.1000,-93.7863
7.1100,-93.8483
7.1200,-93.9099
7.1300,-93.9712
7.1400,-94.0322
7.1500,-94.0929
7.1600,-94.1533
7.1700,-94.2133
7.1800,-94.2730
7.1900,-94.3324
7.2000,-94.3914
7.2100,-94.4501
7.2200,-94.5086
7.2300,-94.5666
7.2400,-94.6244
7.2500,-94.6818
7.2600,-94.7389
7.2700,-94.7957
7.2800,-94.8522
7.2900,-94.9083
7.3000,-94.9641
7.3100,-95.0196
7.3200,-95.0747
7.3300,-95.1296
7.3400,-95.1841
7.3500,-95.2382
7.3600,-95.2921
7.3700,-95.3456
7.3800,-95.3988
7.3900,-95.4517
7.4000,-95.5043
7.4100,-95.5565
7.4200,-95.6084
7.4300,-95.6600
7.4400,-95.7112
7.4500,-95.7622
7.4600,-95.8128
7.4700,-95.8630
7.4800,-95.9130
7.4900,-95.9626
7.5000,-96.0119
7.5100,-96.0609
7.5200,-96.1095
7.5300,-96.1579
7.5400,-96.2059
7.5500,-96.2535
7.5600,-96.3009
7.5700,-96.3479
7.5800,-96.3946
7.5900,-96.4410
7.6000,-96.4870
7.6100,-96.5327
7.6200,-96.5781
7.6300,-96.6232
7.6400,-96.6679
7.6500,-96.7123
7.6600,-96.7564
7.6700,-96.8001
7.6800,-96.8436
7.6900,-96.8867
7.7000,-96.9294
7.7100,-96.9719
7.7200,-97.0140
7.7300,-97.0558
7.7400,-97.0973
7.7500,-97.1384
7.7600,-97.1792
7.7700,-97.2197
7.7800,-97.2599
7.7900,-97.2997
7.8000,-97.3392
7.8100,-97.3784
7.8200,-97.4172
7.8300,-97.4557
7.8400,-97.4939
7.8500,-97.5318
7.8600,-97.5693
7.8700,-97.6065
7.8800,-97.6434
7.8900,-97.6800
7.9000,-97.7162
7.9100,-97.7521
7.9200,-97.7877
7.9300,-97.8229
7.9400,-97.8578
7.9500,-97.8924
7.9600,-97.9266
7.9700,-97.9606
7.9800,-97.9942
7.9900,-98.0274
8.0000,-98.0604
8.0100,-98.0930
8.0200,-98.1253
8.0300,-98.1572
8.0400,-98.1888
8.0500,-98.2201
8.0600,-98.2511
8.0700,-98.2817
8.0800,-98.3120
8.0900,-98.3420
8.1000,-98.3716
8.1100,-98.4010
8.1200,-98.4299
8.1300,-98.4586
8.1400,-98.4869
8.1500,-98.5149
8.1600,-98.5426
8.1700,-98.5699
8.1800,-98.5969
8.1900,-98.6236
8.2000,-98.6500
8.2100,-98.6760
8.2200,-98.7017
8.2300,-98.7270
8.2400,-98.7520
8.2500,-98.7767
8.2600,-98.8011
8.2700,-98.8251
8.2800,-98.8488
8.2900,-98.8722
8.3000,-98.8952
8.3100,-98.9179
8.3200,-98.9403
8.3300,-98.9624
8.3400,-98.9841
8.3500,-99.0055
8.3600,-99.0265
8.3700,-99.0472
8.3800,-99.0676
8.3900,-99.0877
8.4000,-99.1074
8.4100,-99.1268
8.4200,-99.1459
8.4300,-99.1646
8.4400,-99.1830
8.4500,-99.2011
8.4600,-99.2188
8.4700,-99.2362
8.4800,-99.2533
8.4900,-99.2701
8.5000,-99.2865
8.5100,-99.3025
8.5200,-99.3183
8.5300,-99.3337
8.5400,-99.3488
8.5500,-99.3635
8.5600,-99.3780
8.5700,-99.3920
8.5800,-99.4058
8.5900,-99.4192
8.6000,-99.4323
8.6100,-99.4451
8.6200,-99.4575
8.6300,-99.4696
8.6400,-99.4813
8.6500,-99.4928
8.6600,-99.5039
8.6700,-99.5146
8.6800,-99.5251
8.6900,-99.5352
8.7000,-99.5449
8.7100,-99.5544
8.7200,-99.5635
8.7300,-99.5722
8.7400,-99.5807
8.7500,-99.5888
8.7600,-99.5965
8.7700,-99.6040
8.7800,-99.6111
8.7900,-99.6178
8.8000,-99.6243
8.8100,-99.6304
8.8200,-99.6361
8.8300,-99.6416
8.8400,-99.6467
8.8500,-99.6515
8.8600,-99.6559
8.8700,-99.6600
8.8800,-99.6638
8.8900,-99.6672
8.9000,-99.6703
8.9100,-99.6731
8.9200,-99.6755
8.9300,-99.6776
8.9400,-99.6794
8.9500,-99.6809
8.9600,-99.6820
8.9700,-99.6827
8.9800,-99.6832
8.9900,-99.6833
9.0000,-99.6833
9.0100,-99.6852
9.0200,-99.6871
9.0300,-99.6890
9.0400,-99.6909
9.0500,-99.6927
9.0600,-99.6946
9.0700,-99.6964
9.0800,-99.6982
9.0900,-99.7000
9.1000,-99.7018
9.1100,-99.7036
9.1200,-99.7054
9.1300,-99.7071
9.1400,-99.7089
9.1500,-99.7106
9.1600,-99.7123
9.1700,-99.7140
9.1800,-99.7157
9.1900,-99.7174
9.2000,-99.7190
9.2100,-99.7207
9.2200,-99.7223
9.2300,-99.7240
9.2400,-99.7256
9.2500,-99.7272
9.2600,-99.7288
9.2700,-99.7303
9.2800,-99.7319
9.2900,-99.7335
9.3000,-99.7350
9.3100,-99.7365
9.3200,-99.7380
9.3300,-99.7395
9.3400,-99.7410
9.3500,-99.7425
9.3600,-99.7439
9.3700,-99.7454
9.3800,-99.7468
9.3900,-99.7483
9.4000,-99.7497
9.4100,-99.7511
9.4200,-99.7524
9.4300,-99.7538
9.4400,-99.7552
9.4500,-99.7565
9.4600,-99.7578
9.4700,-99.7592
9.4800,-99.7605
9.4900,-99.7618
9.5000,-99.7631
9.5100,-99.7643
9.5200,-99.7656
9.5300,-99.7668
9.5400,-99.7680
9.5500,-99.7693
9.5600,-99.7705
9.5700,-99.7717
9.5800,-99.7728
9.5900,-99.7740
9.6000,-99.7752
9.6100,-99.7763
9.6200,-99.7774
9.6300,-99.7785
9.6400,-99.7796
9.6500,-99.7807
9.6600,-99.7818
9.6700,-99.7829
9.6800,-99.7839
9.6900,-99.7850
9.7000,-99.7860
9.7100,-99.7870
9.7200,-99.7880
9.7300,-99.7890
9.7400,-99.7900
9.7500,-99.7909
9.7600,-99.7919
9.7700,-99.7928
9.7800,-99.7937
9.7900,-99.7946
9.8000,-99.7955
9.8100,-99.7964
9.8200,-99.7973
9.8300,-99.7981
9.8400,-99.7990
9.8500,-99.7998
9.8600,-99.8006
9.8700,-99.8015
9.8800,-99.8023
9.8900,-99.8030
9.9000,-99.8038
9.9100,-99.8046
9.9200,-99.8053
9.9300,-99.8060
9.9400,-99.8067
9.9500,-99.8075
9.9600,-99.8081
9.9700,-99.8088
9.9800,-99.8095
9.9900,-99.8101
10.0000,-99.8108
10.0100,-99.8114
10.0200,-99.8120
10.0300,-99.8126
10.0400,-99.8132
10.0500,-99.8138
10.0600,-99.8144
10.0700,-99.8149
10.0800,-99.8155
10.0900,-99.8160
10.1000,-99.8165
10.1100,-99.8170
10.1200,-99.8175
10.1300,-99.8180
10.1400,-99.8184
10.1500,-99.8189
10.1600,-99.8193
10.1700,-99.8197
10.1800,-99.8201
10.1900,-99.8205
10.2000,-99.8209
10.2100,-99.8213
10.2200,-99.8216
10.2300,-99.8220
10.2400,-99.8223
10.2500,-99.8226
10.2600,-99.8229
10.2700,-99.8232
10.2800,-99.8235
10.2900,-99.8238
10.3000,-99.8241
10.3100,-99.8243
10.3200,-99.8245
10.3300,-99.8247
10.3400,-99.8249
10.3500,-99.8251
10.3600,-99.8253
10.3700,-99.8255
10.3800,-99.8256
10.3900,-99.8258
10.4000,-99.8259
10.4100,-99.8260
10.4200,-99.8261
10.4300,-99.8262
10.4400,-99.8263
10.4500,-99.8264
10.4600,-99.8264
10.4700,-99.8264
10.4800,-99.8265
10.4900,-99.8265
10.5000,-99.8265
10.5100,-99.8265
10.5200,-99.8264
10.5300,-99.8264
10.5400,-99.8264
10.5500,-99.8263
10.5600,-99.8262
10.5700,-99.8261
10.5800,-99.8260
10.5900,-99.8259
10.6000,-99.8258
10.6100,-99.8256
10.6200,-99.8255
10.6300,-99.8253
10.6400,-99.8251
10.6500,-99.8249
10.6600,-99.8247
10.6700,-99.8245
10.6800,-99.8243
10.6900,-99.8241
10.7000,-99.8238
10.7100,-99.8235
10.7200,-99.8232
10.7300,-99.8229
10.7400,-99.8226
10.7500,-99.8223
10.7600,-99.8220
10.7700,-99.8216
10.7800,-99.8213
10.7900,-99.8209
10.8000,-99.8205
10.8100,-99.8201
10.8200,-99.8197
10.8300,-99.8193
10.8400,-99.8189
10.8500,-99.8184
10.8600,-99.8180
10.8700,-99.8175
10.8800,-99.8170
10.8900,-99.8165
10.9000,-99.8160
10.9100,-99.8155
10.9200,-99.8149
10.9300,-99.8144
10.9400,-99.8138
10.9500,-99.8132
10.9600,-99.8126
10.9700,-99.8120
10.9800,-99.8114
10.9900,-99.8108
11.0000,-99.8101
11.0100,-99.8095
11.0200,-99.8088
11.0300,-99.8081
11.0400,-99.8075
11.0500,-99.8067
11.0600,-99.8060
11.0700,-99.8053
11.0800,-99.8046
11.0900,-99.8038
11.1000,-99.8030
11.1100,-99.8023
11.1200,-99.8015
11.1300,-99.8006
11.1400,-99.7998
11.1500,-99.7990
11.1600,-99.7981
11.1700,-99.7973
11.1800,-99.7964
11.1900,-99.7955
11.2000,-99.7946
11.2100,-99.7937
11.2200,-99.7928
11.2300,-99.7919
11.2400,-99.7909
11.2500,-99.7900
11.2600,-99.7890
11.2700,-99.7880
11.2800,-99.7870
11.2900,-99.7860
11.3000,-99.7850
11.3100,-99.7839
11.3200,-99.7829
11.3300,-99.7818
11.3400,-99.7807
11.3500,-99.7796
11.3600,-99.7785
11.3700,-99.7774
11.3800,-99.7763
11.3900,-99.7752
11.4000,-99.7740
11.4100,-99.7728
11.4200,-99.7717
11.4300,-99.7705
11.4400,-99.7693
11.4500,-99.7680
11.4600,-99.7668
11.4700,-99.7656
11.4800,-99.7643
11.4900,-99.7631
11.5000,-99.7618
11.5100,-99.7605
11.5200,-99.7592
11.5300,-99.7578
11.5400,-99.7565
11.5500,-99.7552
11.5600,-99.7538
11.5700,-99.7524
11.5800,-99.7511
11.5900,-99.7497
11.6000,-99.7483
11.6100,-99.7468
11.6200,-99.7454
11.6300,-99.7439
11.6400,-99.7425
11.6500,-99.7410
11.6600,-99.7395
11.6700,-99.7380
11.6800,-99.7365
11.6900,-99.7350
11.7000,-99.7335
11.7100,-99.7319
11.7200,-99.7303
11.7300,-99.7288
11.7400,-99.7272
11.7500,-99.7256
11.7600,-99.7240
11.7700,-99.7223
11.7800,-99.7207
11.7900,-99.7190
11.8000,-99.7174
11.8100,-99.7157
11.8200,-99.7140
11.8300,-99.7123
11.8400,-99.7106
11.8500,-99.7089
11.8600,-99.7071
11.8700,-99.7054
11.8800,-99.7036
11.8900,-99.7018
11.9000,-99.7000
11.9100,-99.6982
11.9200,-99.6964
11.9300,-99.6946
11.9400,-99.6927
11.9500,-99.6909
11.9600,-99.6890
11.9700,-99.6871
11.9800,-99.6852
11.9900,-99.6833
12.0000,-99.6833
12.0100,-99.6831
12.0200,-99.6826
12.0300,-99.6818
12.0400,-99.6806
12.0500,-99.6791
12.0600,-99.6773
12.0700,-99.6751
12.0800,-99.6726
12.0900,-99.6698
12.1000,-99.6666
12.1100,-99.6631
12.1200,-99.6593
12.1300,-99.6552
12.1400,-99.6507
12.1500,-99.6458
12.1600,-99.6407
12.1700,-99.6352
12.1800,-99.6293
12.1900,-99.6232
12.2000,-99.6167
12.2100,-99.6099
12.2200,-99.6027
12.2300,-99.5952
12.2400,-99.5874
12.2500,-99.5792
12.2600,-99.5707
12.2700,-99.5619
12.2800,-99.5528
12.2900,-99.5433
12.3000,-99.5334
12.3100,-99.5233
12.3200,-99.5128
12.3300,-99.5020
12.3400,-99.4908
12.3500,-99.4793
12.3600,-99.4675
12.3700,-99.4554
12.3800,-99.4429
12.3900,-99.4301
12.4000,-99.4169
12.4100,-99.4035
12.4200,-99.3896
12.4300,-99.3755
12.4400,-99.3610
12.4500,-99.3462
12.4600,-99.3311
12.4700,-99.3156
12.4800,-99.2998
12.4900,-99.2837
12.5000,-99.2672
12.5100,-99.2504
12.5200,-99.2333
12.5300,-99.2158
12.5400,-99.1980
12.5500,-99.1799
12.5600,-99.1614
12.5700,-99.1426
12.5800,-99.1235
12.5900,-99.1041
12.6000,-99.0843
12.6100,-99.0642
12.6200,-99.0437
12.6300,-99.0229
12.6400,-99.0018
12.6500,-98.9804
12.6600,-98.9586
12.6700,-98.9365
12.6800,-98.9141
12.6900,-98.8913
12.7000,-98.8682
12.7100,-98.8448
12.7200,-98.8210
12.7300,-98.7969
12.7400,-98.7725
12.7500,-98.7478
12.7600,-98.7227
12.7700,-98.6973
12.7800,-98.6715
12.7900,-98.6455
12.8000,-98.6191
12.8100,-98.5923
12.8200,-98.5653
12.8300,-98.5379
12.8400,-98.5102
12.8500,-98.4821
12.8600,-98.4537
12.8700,-98.4250
12.8800,-98.3960
12.8900,-98.3666
12.9000,-98.3369
12.9100,-98.3069
12.9200,-98.2765
12.9300,-98.2458
12.9400,-98.2148
12.9500,-98.1834
12.9600,-98.1518
12.9700,-98.1198
12.9800,-98.0874
12.9900,-98.0548
13.0000,-98.0218
13.0100,-97.9884
13.0200,-97.9548
13.0300,-97.9208
13.0400,-97.8865
13.0500,-97.8519
13.0600,-97.8169
13.0700,-97.7816
13.0800,-97.7460
13.0900,-97.7100
13.1000,-97.6738
13.1100,-97.6371
13.1200,-97.6002
13.1300,-97.5629
13.1400,-97.5254
13.1500,-97.4874
13.1600,-97.4492
13.1700,-97.4106
13.1800,-97.3717
13.1900,-97.3325
13.2000,-97.2929
13.2100,-97.2530
13.2200,-97.2128
13.2300,-97.1723
13.2400,-97.1314
13.2500,-97.0902
13.2600,-97.0487
13.2700,-97.0069
13.2800,-96.9647
13.2900,-96.9222
13.3000,-96.8793
13.3100,-96.8362
13.3200,-96.7927
13.3300,-96.7489
13.3400,-96.7048
13.3500,-96.6603
13.3600,-96.6155
13.3700,-96.5704
13.3800,-96.5249
13.3900,-96.4792
13.4000,-96.4331
13.4100,-96.3867
13.4200,-96.3399
13.4300,-96.2928
13.4400,-96.2454
13.4500,-96.1977
13.4600,-96.1497
13.4700,-96.1013
13.4800,-96.0526
13.4900,-96.0036
13.5000,-95.9542
13.5100,-95.9045
13.5200,-95.8545
13.5300,-95.8042
13.5400,-95.7535
13.5500,-95.7025
13.5600,-95.6512
13.5700,-95.5996
13.5800,-95.5476
13.5900,-95.4954
13.6000,-95.4428
13.6100,-95.3898
13.6200,-95.3366
13.6300,-95.2830
13.6400,-95.2291
13.6500,-95.1748
13.6600,-95.1203
13.6700,-95.0654
13.6800,-95.0102
13.6900,-94.9546
13.7000,-94.8988
13.7100,-94.8426
13.7200,-94.7861
13.7300,-94.7293
13.7400,-94.6721
13.7500,-94.6146
13.7600,-94.5568
13.7700,-94.4987
13.7800,-94.4402
13.7900,-94.3814
13.8000,-94.3223
13.8100,-94.2629
13.8200,-94.2031
13.8300,-94.1431
13.8400,-94.0827
13.8500,-94.0219
13.8600,-93.9609
13.8700,-93.8995
13.8800,-93.8378
13.8900,-93.7758
13.9000,-93.7134
13.9100,-93.6507
13.9200,-93.5877
13.9300,-93.5244
13.9400,-93.4608
13.9500,-93.3968
13.9600,-93.3325
13.9700,-93.2679
13.9800,-93.2029
13.9900,-93.1376
14.0000,-93.0720
14.0100,-93.0061
14.0200,-92.9399
14.0300,-92.8733
14.0400,-92.8064
14.0500,-92.7392
14.0600,-92.6716
14.0700,-92.6037
14.0800,-92.5355
14.0900,-92.4670
14.1000,-92.3982
14.1100,-92.3290
14.1200,-92.2595
14.1300,-92.1897
14.1400,-92.1195
14.1500,-92.0491
14.1600,-91.9783
14.1700,-91.9071
14.1800,-91.8357
14.1900,-91.7639
14.2000,-91.6918
14.2100,-91.6194
14.2200,-91.5466
14.2300,-91.4735
14.2400,-91.4001
14.2500,-91.3264
14.2600,-91.2523
14.2700,-91.1780
14.2800,-91.1032
14.2900,-91.0282
14.3000,-90.9528
14.3100,-90.8771
14.3200,-90.8011
14.3300,-90.7248
14.3400,-90.6481
14.3500,-90.5711
14.3600,-90.4938
14.3700,-90.4161
14.3800,-90.3382
14.3900,-90.2598
14.4000,-90.1812
14.4100,-90.1022
14.4200,-90.0229
14.4300,-89.9433
14.4400,-89.8634
14.4500,-89.7831
14.4600,-89.7025
14.4700,-89.6216
14.4800,-89.5403
14.4900,-89.4587
14.5000,-89.3768
14.5100,-89.2945
14.5200,-89.2119
14.5300,-89.1290
14.5400,-89.0458
14.5500,-88.9622
14.5600,-88.8783
14.5700,-88.7941
14.5800,-88.7095
14.5900,-88.6246
14.6000,-88.5394
14.6100,-88.4538
14.6200,-88.3679
14.6300,-88.2817
14.6400,-88.1951
14.6500,-88.1082
14.6600,-88.0210
14.6700,-87.9335
14.6800,-87.8456
14.6900,-87.7574
14.7000,-87.6688
14.7100,-87.5799
14.7200,-87.4907
14.7300,-87.4011
14.7400,-87.3112
14.7500,-87.2210
14.7600,-87.1304
14.7700,-87.0395
14.7800,-86.9483
14.7900,-86.8567
14.8000,-86.7648
14.8100,-86.6726
14.8200,-86.5800
14.8300,-86.4870
14.8400,-86.3938
14.8500,-86.3002
14.8600,-86.2062
14.8700,-86.1120
14.8800,-86.0173
14.8900,-85.9224
14.9000,-85.8271
14.9100,-85.7314
14.9200,-85.6355
14.9300,-85.5391
14.9400,-85.4425
14.9500,-85.3455
14.9600,-85.2481
14.9700,-85.1504
14.9800,-85.0524
14.9900,-84.9540
15.0000,-84.9540
15.0100,-84.9521
15.0200,-84.9502
15.0300,-84.9482
15.0400,-84.9463
15.0500,-84.9444
15.0600,-84.9424
15.0700,-84.9404
15.0800,-84.9384
15.0900,-84.9364
15.1000,-84.9344
15.1100,-84.9324
15.1200,-84.9303
15.1300,-84.9283
15.1400,-84.9262
15.1500,-84.9241
15.1600,-84.9220
15.1700,-84.9199
15.1800,-84.9178
15.1900,-84.9157
15.2000,-84.9135
15.2100,-84.9114
15.2200,-84.9092
15.2300,-84.9070
15.2400,-84.9049
15.2500,-84.9026
15.2600,-84.9004
15.2700,-84.8982
15.2800,-84.8960
15.2900,-84.8937
15.3000,-84.8914
15.3100,-84.8891
15.3200,-84.8868
15.3300,-84.8845
15.3400,-84.8822
15.3500,-84.8799
15.3600,-84.8775
15.3700,-84.8752
15.3800,-84.8728
15.3900,-84.8704
15.4000,-84.8680
15.4100,-84.8656
15.4200,-84.8632
15.4300,-84.8608
15.4400,-84.8583
15.4500,-84.8559
15.4600,-84.8534
15.4700,-84.8509
15.4800,-84.8484
15.4900,-84.8459
15.5000,-84.8434
15.5100,-84.8408
15.5200,-84.8383
15.5300,-84.8357
15.5400,-84.8332
15.5500,-84.8306
15.5600,-84.8280
15.5700,-84.8254
15.5800,-84.8227
15.5900,-84.8201
15.6000,-84.8174
15.6100,-84.8148
15.6200,-84.8121
15.6300,-84.8094
15.6400,-84.8067
15.6500,-84.8040
15.6600,-84.8013
15.6700,-84.7985
15.6800,-84.7958
15.6900,-84.7930
15.7000,-84.7902
15.7100,-84.7875
15.7200,-84.7846
15.7300,-84.7818
15.7400,-84.7790
15.7500,-84.7762
15.7600,-84.7733
15.7700,-84.7704
15.7800,-84.7676
15.7900,-84.7647
15.8000,-84.7618
15.8100,-84.7589
15.8200,-84.7559
15.8300,-84.7530
15.8400,-84.7500
15.8500,-84.7471
15.8600,-84.7441
15.8700,-84.7411
15.8800,-84.7381
15.8900,-84.7351
15.9000,-84.7320
15.9100,-84.7290
15.9200,-84.7259
15.9300,-84.7229
15.9400,-84.7198
15.9500,-84.7167
15.9600,-84.7136
15.9700,-84.7105
15.9800,-84.7073
15.9900,-84.7042
16.0000,-84.7010
16.0100,-84.6979
16.0200,-84.6947
16.0300,-84.6915
16.0400,-84.6883
16.0500,-84.6850
16.0600,-84.6818
16.0700,-84.6786
16.0800,-84.6753
16.0900,-84.6720
16.1000,-84.6687
16.1100,-84.6655
16.1200,-84.6621
16.1300,-84.6588
16.1400,-84.6555
16.1500,-84.6521
16.1600,-84.6488
16.1700,-84.6454
16.1800,-84.6420
16.1900,-84.6386
16.2000,-84.6352
16.2100,-84.6318
16.2200,-84.6283
16.2300,-84.6249
16.2400,-84.6214
16.2500,-84.6180
16.2600,-84.6145
16.2700,-84.6110
16.2800,-84.6074
16.2900,-84.6039
16.3000,-84.6004
16.3100,-84.5968
16.3200,-84.5933
16.3300,-84.5897
16.3400,-84.5861
16.3500,-84.5825
16.3600,-84.5789
16.3700,-84.5753
16.3800,-84.5716
16.3900,-84.5680
16.4000,-84.5643
16.4100,-84.5606
16.4200,-84.5569
16.4300,-84.5532
16.4400,-84.5495
16.4500,-84.5458
16.4600,-84.5420
16.4700,-84.5383
16.4800,-84.5345
16.4900,-84.5307
16.5000,-84.5269
16.5100,-84.5231
16.5200,-84.5193
16.5300,-84.5155
16.5400,-84.5116
16.5500,-84.5078
16.5600,-84.5039
16.5700,-84.5000
16.5800,-84.4961
16.5900,-84.4922
16.6000,-84.4883
16.6100,-84.4844
16.6200,-84.4804
16.6300,-84.4765
16.6400,-84.4725
16.6500,-84.4685
16.6600,-84.4645
16.6700,-84.4605
16.6800,-84.4565
16.6900,-84.4524
16.7000,-84.4484
16.7100,-84.4443
16.7200,-84.4403
16.7300,-84.4362
16.7400,-84.4321
16.7500,-84.4280
16.7600,-84.4239
16.7700,-84.4197
16.7800,-84.4156
16.7900,-84.4114
16.8000,-84.4072
16.8100,-84.4030
16.8200,-84.3988
16.8300,-84.3946
16.8400,-84.3904
16.8500,-84.3862
16.8600,-84.3819
16.8700,-84.3777
16.8800,-84.3734
16.8900,-84.3691
16.9000,-84.3648
16.9100,-84.3605
16.9200,-84.3561
16.9300,-84.3518
16.9400,-84.3474
16.9500,-84.3431
16.9600,-84.3387
16.9700,-84.3343
16.9800,-84.3299
16.9900,-84.3255
17.0000,-84.3211
17.0100,-84.3166
17.0200,-84.3122
17.0300,-84.3077
17.0400,-84.3032
17.0500,-84.2987
17.0600,-84.2942
17.0700,-84.2897
17.0800,-84.2852
17.0900,-84.2806
17.1000,-84.2761
17.1100,-84.2715
17.1200,-84.2669
17.1300,-84.2623
17.1400,-84.2577
17.1500,-84.2531
17.1600,-84.2485
17.1700,-84.2438
17.1800,-84.2392
17.1900,-84.2345
17.2000,-84.2298
17.2100,-84.2251
17.2200,-84.2204
17.2300,-84.2157
17.2400,-84.2110
17.2500,-84.2062
17.2600,-84.2014
17.2700,-84.1967
17.2800,-84.1919
17.2900,-84.1871
17.3000,-84.1823
17.3100,-84.1775
17.3200,-84.1726
17.3300,-84.1678
17.3400,-84.1629
17.3500,-84.1580
17.3600,-84.1531
17.3700,-84.1482
17.3800,-84.1433
17.3900,-84.1384
17.4000,-84.1335
17.4100,-84.1285
17.4200,-84.1236
17.4300,-84.1186
17.4400,-84.1136
17.4500,-84.1086
17.4600,-84.1036
17.4700,-84.0985
17.4800,-84.0935
17.4900,-84.0885
17.5000,-84.0834
17.5100,-84.0783
17.5200,-84.0732
17.5300,-84.0681
17.5400,-84.0630
17.5500,-84.0579
17.5600,-84.0527
17.5700,-84.0476
17.5800,-84.0424
17.5900,-84.0372
17.6000,-84.0320
17.6100,-84.0268
17.6200,-84.0216
17.6300,-84.0164
17.6400,-84.0111
17.6500,-84.0059
17.6600,-84.0006
17.6700,-83.9953
17.6800,-83.9900
17.6900,-83.9847
17.7000,-83.9794
17.7100,-83.9741
17.7200,-83.9687
17.7300,-83.9634
17.7400,-83.9580
17.7500,-83.9526
17.7600,-83.9472
17.7700,-83.9418
17.7800,-83.9364
17.7900,-83.9309
17.8000,-83.9255
17.8100,-83.9200
17.8200,-83.9146
17.8300,-83.9091
17.8400,-83.9036
17.8500,-83.8981
17.8600,-83.8925
17.8700,-83.8870
17.8800,-83.8814
17.8900,-83.8759
17.9000,-83.8703
17.9100,-83.8647
17.9200,-83.8591
17.9300,-83.8535
17.9400,-83.8479
17.9500,-83.8422
17.9600,-83.8366
17.9700,-83.8309
17.9800,-83.8252
17.9900,-83.8196
18.0000,-83.8196
18.0100,-83.9181
18.0200,-84.0163
18.0300,-84.1142
18.0400,-84.2118
18.0500,-84.3089
18.0600,-84.4058
18.0700,-84.5023
18.0800,-84.5984
18.0900,-84.6942
18.1000,-84.7897
18.1100,-84.8848
18.1200,-84.9795
18.1300,-85.0740
18.1400,-85.1680
18.1500,-85.2618
18.1600,-85.3552
18.1700,-85.4482
18.1800,-85.5409
18.1900,-85.6333
18.2000,-85.7253
18.2100,-85.8170
18.2200,-85.9084
18.2300,-85.9994
18.2400,-86.0901
18.2500,-86.1804
18.2600,-86.2704
18.2700,-86.3601
18.2800,-86.4494
18.2900,-86.5384
18.3000,-86.6270
18.3100,-86.7153
18.3200,-86.8033
18.3300,-86.8909
18.3400,-86.9782
18.3500,-87.0652
18.3600,-87.1518
18.3700,-87.2381
18.3800,-87.3240
18.3900,-87.4097
18.4000,-87.4950
18.4100,-87.5799
18.4200,-87.6645
18.4300,-87.7488
18.4400,-87.8328
18.4500,-87.9164
18.4600,-87.9997
18.4700,-88.0826
18.4800,-88.1652
18.4900,-88.2475
18.5000,-88.3295
18.5100,-88.4111
18.5200,-88.4924
18.5300,-88.5734
18.5400,-88.6540
18.5500,-88.7343
18.5600,-88.8143
18.5700,-88.8939
18.5800,-88.9732
18.5900,-89.0522
18.6000,-89.1308
18.6100,-89.2091
18.6200,-89.2871
18.6300,-89.3648
18.6400,-89.4421
18.6500,-89.5191
18.6600,-89.5958
18.6700,-89.6721
18.6800,-89.7481
18.6900,-89.8238
18.7000,-89.8992
18.7100,-89.9742
18.7200,-90.0489
18.7300,-90.1233
18.7400,-90.1973
18.7500,-90.2710
18.7600,-90.3444
18.7700,-90.4174
18.7800,-90.4902
18.7900,-90.5626
18.8000,-90.6347
18.8100,-90.7064
18.8200,-90.7778
18.8300,-90.8489
18.8400,-90.9197
18.8500,-90.9901
18.8600,-91.0602
18.8700,-91.1300
18.8800,-91.1995
18.8900,-91.2686
18.9000,-91.3374
18.9100,-91.4059
18.9200,-91.4740
18.9300,-91.5419
18.9400,-91.6093
18.9500,-91.6765
18.9600,-91.7434
18.9700,-91.8099
18.9800,-91.8761
18.9900,-91.9419
19.0000,-92.0075
19.0100,-92.0727
19.0200,-92.1376
19.0300,-92.2022
19.0400,-92.2664
19.0500,-92.3303
19.0600,-92.3939
19.0700,-92.4572
19.0800,-92.5201
19.0900,-92.5827
19.1000,-92.6450
19.1100,-92.7069
19.1200,-92.7686
19.1300,-92.8299
19.1400,-92.8909
19.1500,-92.9515
19.1600,-93.0119
19.1700,-93.0719
19.1800,-93.1315
19.1900,-93.1909
19.2000,-93.2499
19.2100,-93.3086
19.2200,-93.3670
19.2300,-93.4251
19.2400,-93.4828
19.2500,-93.5402
19.2600,-93.5973
19.2700,-93.6540
19.2800,-93.7104
19.2900,-93.7665
19.3000,-93.8223
19.3100,-93.8778
19.3200,-93.9329
19.3300,-93.9877
19.3400,-94.0422
19.3500,-94.0963
19.3600,-94.1501
19.3700,-94.2036
19.3800,-94.2568
19.3900,-94.3097
19.4000,-94.3622
19.4100,-94.4144
19.4200,-94.4662
19.4300,-94.5178
19.4400,-94.5690
19.4500,-94.6199
19.4600,-94.6705
19.4700,-94.7207
19.4800,-94.7706
19.4900,-94.8202
19.5000,-94.8695
19.5100,-94.9184
19.5200,-94.9670
19.5300,-95.0153
19.5400,-95.0632
19.5500,-95.1109
19.5600,-95.1582
19.5700,-95.2052
19.5800,-95.2518
19.5900,-95.2981
19.6000,-95.3441
19.6100,-95.3898
19.6200,-95.4352
19.6300,-95.4802
19.6400,-95.5249
19.6500,-95.5693
19.6600,-95.6133
19.6700,-95.6570
19.6800,-95.7004
19.6900,-95.7435
19.7000,-95.7862
19.7100,-95.8286
19.7200,-95.8707
19.7300,-95.9124
19.7400,-95.9539
19.7500,-95.9950
19.7600,-96.0357
19.7700,-96.0762
19.7800,-96.1163
19.7900,-96.1561
19.8000,-96.1956
19.8100,-96.2347
19.8200,-96.2735
19.8300,-96.3120
19.8400,-96.3502
19.8500,-96.3880
19.8600,-96.4255
19.8700,-96.4627
19.8800,-96.4995
19.8900,-96.5360
19.9000,-96.5722
19.9100,-96.6081
19.9200,-96.6436
19.9300,-96.6788
19.9400,-96.7137
19.9500,-96.7482
19.9600,-96.7825
19.9700,-96.8163
19.9800,-96.8499
19.9900,-96.8832
20.0000,-96.9161
20.0100,-96.9486
20.0200,-96.9809
20.0300,-97.0128
20.0400,-97.0444
20.0500,-97.0757
20.0600,-97.1066
20.0700,-97.1372
20.0800,-97.1675
20.0900,-97.1974
20.1000,-97.2271
20.1100,-97.2564
20.1200,-97.2853
20.1300,-97.3139
20.1400,-97.3422
20.1500,-97.3702
20.1600,-97.3979
20.1700,-97.4252
20.1800,-97.4522
20.1900,-97.4788
20.2000,-97.5052
20.2100,-97.5312
20.2200,-97.5568
20.2300,-97.5822
20.2400,-97.6072
20.2500,-97.6318
20.2600,-97.6562
20.2700,-97.6802
20.2800,-97.7039
20.2900,-97.7273
20.3000,-97.7503
20.3100,-97.7730
20.3200,-97.7954
20.3300,-97.8174
20.3400,-97.8391
20.3500,-97.8605
20.3600,-97.8815
20.3700,-97.9023
20.3800,-97.9226
20.3900,-97.9427
20.4000,-97.9624
20.4100,-97.9818
20.4200,-98.0009
20.4300,-98.0196
20.4400,-98.0380
20.4500,-98.0561
20.4600,-98.0738
20.4700,-98.0912
20.4800,-98.1083
20.4900,-98.1251
20.5000,-98.1415
20.5100,-98.1576
20.5200,-98.1733
20.5300,-98.1888
20.5400,-98.2038
20.5500,-98.2186
20.5600,-98.2330
20.5700,-98.2471
20.5800,-98.2609
20.5900,-98.2743
20.6000,-98.2875
20.6100,-98.3002
20.6200,-98.3127
20.6300,-98.3248
20.6400,-98.3366
20.6500,-98.3480
20.6600,-98.3591
20.6700,-98.3699
20.6800,-98.3804
20.6900,-98.3905
20.7000,-98.4003
20.7100,-98.4097
20.7200,-98.4189
20.7300,-98.4277
20.7400,-98.4361
20.7500,-98.4443
20.7600,-98.4521
20.7700,-98.4595
20.7800,-98.4667
20.7900,-98.4735
20.8000,-98.4799
20.8100,-98.4861
20.8200,-98.4919
20.8300,-98.4974
20.8400,-98.5025
20.8500,-98.5073
20.8600,-98.5118
20.8700,-98.5160
20.8800,-98.5198
20.8900,-98.5233
20.9000,-98.5264
20.9100,-98.5292
20.9200,-98.5317
20.9300,-98.5339
20.9400,-98.5357
20.9500,-98.5372
20.9600,-98.5384
20.9700,-98.5392
20.9800,-98.5397
20.9900,-98.5399
21.0000,-98.5399
21.0100,-98.4878
21.0200,-98.4353
21.0300,-98.3824
21.0400,-98.3291
21.0500,-98.2753
21.0600,-98.2211
21.0700,-98.1665
21.0800,-98.1115
21.0900,-98.0560
21.1000,-98.0001
21.1100,-97.9437
21.1200,-97.8869
21.1300,-97.8297
21.1400,-97.7721
21.1500,-97.7141
21.1600,-97.6556
21.1700,-97.5967
21.1800,-97.5373
21.1900,-97.4775
21.2000,-97.4173
21.2100,-97.3567
21.2200,-97.2957
21.2300,-97.2342
21.2400,-97.1723
21.2500,-97.1099
21.2600,-97.0472
21.2700,-96.9840
21.2800,-96.9204
21.2900,-96.8563
21.3000,-96.7919
21.3100,-96.7270
21.3200,-96.6616
21.3300,-96.5959
21.3400,-96.5297
21.3500,-96.4631
21.3600,-96.3961
21.3700,-96.3286
21.3800,-96.2607
21.3900,-96.1924
21.4000,-96.1237
21.4100,-96.0545
21.4200,-95.9849
21.4300,-95.9149
21.4400,-95.8445
21.4500,-95.7736
21.4600,-95.7023
21.4700,-95.6306
21.4800,-95.5585
21.4900,-95.4859
21.5000,-95.4129
21.5100,-95.3395
21.5200,-95.2656
21.5300,-95.1914
21.5400,-95.1167
21.5500,-95.0415
21.5600,-94.9660
21.5700,-94.8900
21.5800,-94.8136
21.5900,-94.7368
21.6000,-94.6596
21.6100,-94.5819
21.6200,-94.5038
21.6300,-94.4253
21.6400,-94.3463
21.6500,-94.2669
21.6600,-94.1871
21.6700,-94.1069
21.6800,-94.0263
21.6900,-93.9452
21.7000,-93.8637
21.7100,-93.7818
21.7200,-93.6994
21.7300,-93.6166
21.7400,-93.5334
21.7500,-93.4498
21.7600,-93.3657
21.7700,-93.2813
21.7800,-93.1963
21.7900,-93.1110
21.8000,-93.0253
21.8100,-92.9391
21.8200,-92.8525
21.8300,-92.7654
21.8400,-92.6779
21.8500,-92.5901
21.8600,-92.5017
21.8700,-92.4130
21.8800,-92.3238
21.8900,-92.2342
21.9000,-92.1442
21.9100,-92.0537
21.9200,-91.9628
21.9300,-91.8715
21.9400,-91.7798
21.9500,-91.6876
21.9600,-91.5950
21.9700,-91.5020
21.9800,-91.4086
21.9900,-91.3147
22.0000,-91.2204
22.0100,-91.1256
22.0200,-91.0305
22.0300,-90.9349
22.0400,-90.8388
22.0500,-90.7424
22.0600,-90.6455
22.0700,-90.5482
22.0800,-90.4504
22.0900,-90.3522
22.1000,-90.2536
22.1100,-90.1546
22.1200,-90.0551
22.1300,-89.9552
22.1400,-89.8549
22.1500,-89.7541
22.1600,-89.6529
22.1700,-89.5512
22.1800,-89.4492
22.1900,-89.3467
22.2000,-89.2437
22.2100,-89.1403
22.2200,-89.0365
22.2300,-88.9323
22.2400,-88.8276
22.2500,-88.7225
22.2600,-88.6169
22.2700,-88.5109
22.2800,-88.4045
22.2900,-88.2976
22.3000,-88.1903
22.3100,-88.0825
22.3200,-87.9744
22.3300,-87.8657
22.3400,-87.7567
22.3500,-87.6471
22.3600,-87.5372
22.3700,-87.4268
22.3800,-87.3160
22.3900,-87.2047
22.4000,-87.0930
22.4100,-86.9808
22.4200,-86.8682
22.4300,-86.7551
22.4400,-86.6416
22.4500,-86.5277
22.4600,-86.4133
22.4700,-86.2984
22.4800,-86.1831
22.4900,-86.0674
22.5000,-85.9512
22.5100,-85.8346
22.5200,-85.7175
22.5300,-85.5999
22.5400,-85.4819
22.5500,-85.3635
22.5600,-85.2446
22.5700,-85.1252
22.5800,-85.0054
22.5900,-84.8851
22.6000,-84.7644
22.6100,-84.6432
22.6200,-84.5216
22.6300,-84.3995
22.6400,-84.2769
22.6500,-84.1539
22.6600,-84.0304
22.6700,-83.9065
22.6800,-83.7821
22.6900,-83.6572
22.7000,-83.5318
22.7100,-83.4060
22.7200,-83.2798
22.7300,-83.1530
22.7400,-83.0258
22.7500,-82.8981
22.7600,-82.7700
22.7700,-82.6413
22.7800,-82.5122
22.7900,-82.3827
22.8000,-82.2526
22.8100,-82.1221
22.8200,-81.9911
22.8300,-81.8596
22.8400,-81.7276
22.8500,-81.5952
22.8600,-81.4623
22.8700,-81.3288
22.8800,-81.1950
22.8900,-81.0606
22.9000,-80.9257
22.9100,-80.7903
22.9200,-80.6545
22.9300,-80.5181
22.9400,-80.3813
22.9500,-80.2440
22.9600,-80.1062
22.9700,-79.9678
22.9800,-79.8290
22.9900,-79.6897
23.0000,-79.5499
23.0100,-79.4096
23.0200,-79.2687
23.0300,-79.1274
23.0400,-78.9856
23.0500,-78.8432
23.0600,-78.7003
23.0700,-78.5570
23.0800,-78.4131
23.0900,-78.2687
23.1000,-78.1238
23.1100,-77.9783
23.1200,-77.8324
23.1300,-77.6859
23.1400,-77.5389
23.1500,-77.3913
23.1600,-77.2433
23.1700,-77.0947
23.1800,-76.9455
23.1900,-76.7959
23.2000,-76.6457
23.2100,-76.4949
23.2200,-76.3437
23.2300,-76.1919
23.2400,-76.0395
23.2500,-75.8866
23.2600,-75.7331
23.2700,-75.5791
23.2800,-75.4246
23.2900,-75.2694
23.3000,-75.1138
23.3100,-74.9575
23.3200,-74.8007
23.3300,-74.6434
23.3400,-74.4854
23.3500,-74.3269
23.3600,-74.1678
23.3700,-74.0082
23.3800,-73.8480
23.3900,-73.6872
23.4000,-73.5258
23.4100,-73.3638
23.4200,-73.2012
23.4300,-73.0381
23.4400,-72.8743
23.4500,-72.7100
23.4600,-72.5450
23.4700,-72.3795
23.4800,-72.2133
23.4900,-72.0465
23.5000,-71.8792
23.5100,-71.7112
23.5200,-71.5425
23.5300,-71.3733
23.5400,-71.2034
23.5500,-71.0330
23.5600,-70.8618
23.5700,-70.6901
23.5800,-70.5177
23.5900,-70.3446
23.6000,-70.1709
23.6100,-69.9966
23.6200,-69.8216
23.6300,-69.6460
23.6400,-69.4696
23.6500,-69.2927
23.6600,-69.1150
23.6700,-68.9367
23.6800,-68.7577
23.6900,-68.5780
23.7000,-68.3976
23.7100,-68.2166
23.7200,-68.0348
23.7300,-67.8524
23.7400,-67.6692
23.7500,-67.4853
23.7600,-67.3008
23.7700,-67.1155
23.7800,-66.9294
23.7900,-66.7427
23.8000,-66.5552
23.8100,-66.3670
23.8200,-66.1780
23.8300,-65.9883
23.8400,-65.7978
23.8500,-65.6066
23.8600,-65.4146
23.8700,-65.2218
23.8800,-65.0283
23.8900,-64.8340
23.9000,-64.6389
23.9100,-64.4429
23.9200,-64.2462
23.9300,-64.0487
23.9400,-63.8504
23.9500,-63.6512
23.9600,-63.4513
23.9700,-63.2504
23.9800,-63.0488
23.9900,-62.8463
