0.0000,46.0655
0.0100,46.1203
0.0200,46.1744
0.0300,46.2278
0.0400,46.2806
0.0500,46.3328
0.0600,46.3842
0.0700,46.4351
0.0800,46.4853
0.0900,46.5348
0.1000,46.5838
0.1100,46.6321
0.1200,46.6797
0.1300,46.7268
0.1400,46.7732
0.1500,46.8190
0.1600,46.8642
0.1700,46.9088
0.1800,46.9528
0.1900,46.9961
0.2000,47.0389
0.2100,47.0811
0.2200,47.1227
0.2300,47.1636
0.2400,47.2040
0.2500,47.2438
0.2600,47.2831
0.2700,47.3217
0.2800,47.3598
0.2900,47.3973
0.3000,47.4342
0.3100,47.4705
0.3200,47.5063
0.3300,47.5415
0.3400,47.5761
0.3500,47.6102
0.3600,47.6437
0.3700,47.6767
0.3800,47.7091
0.3900,47.7409
0.4000,47.7722
0.4100,47.8030
0.4200,47.8332
0.4300,47.8628
0.4400,47.8920
0.4500,47.9205
0.4600,47.9486
0.4700,47.9761
0.4800,48.0030
0.4900,48.0294
0.5000,48.0553
0.5100,48.0807
0.5200,48.1055
0.5300,48.1298
0.5400,48.1536
0.5500,48.1768
0.5600,48.1996
0.5700,48.2218
0.5800,48.2435
0.5900,48.2646
0.6000,48.2853
0.6100,48.3054
0.6200,48.3251
0.6300,48.3442
0.6400,48.3628
0.6500,48.3809
0.6600,48.3985
0.6700,48.4155
0.6800,48.4321
0.6900,48.4482
0.7000,48.4638
0.7100,48.4788
0.7200,48.4934
0.7300,48.5075
0.7400,48.5210
0.7500,48.5341
0.7600,48.5467
0.7700,48.5588
0.7800,48.5704
0.7900,48.5815
0.8000,48.5921
0.8100,48.6022
0.8200,48.6118
0.8300,48.6210
0.8400,48.6296
0.8500,48.6378
0.8600,48.6455
0.8700,48.6527
0.8800,48.6594
0.8900,48.6657
0.9000,48.6714
0.9100,48.6767
0.9200,48.6815
0.9300,48.6859
0.9400,48.6897
0.9500,48.6931
0.9600,48.6960
0.9700,48.6985
0.9800,48.7004
0.9900,48.7019
1.0000,48.7029
1.0100,48.7035
1.0200,48.7036
1.0300,48.7032
1.0400,48.7023
1.0500,48.7010
1.0600,48.6992
1.0700,48.6970
1.0800,48.6942
1.0900,48.6911
1.1000,48.6874
1.1100,48.6833
1.1200,48.6788
1.1300,48.6738
1.1400,48.6683
1.1500,48.6624
1.1600,48.6560
1.1700,48.6491
1.1800,48.6418
1.1900,48.6341
1.2000,48.6259
1.2100,48.6172
1.2200,48.6081
1.2300,48.5985
1.2400,48.5885
1.2500,48.5780
1.2600,48.5671
1.2700,48.5557
1.2800,48.5439
1.2900,48.5317
1.3000,48.5190
1.3100,48.5058
1.3200,48.4922
1.3300,48.4782
1.3400,48.4637
1.3500,48.4488
1.3600,48.4334
1.3700,48.4176
1.3800,48.4013
1.3900,48.3846
1.4000,48.3675
1.4100,48.3499
1.4200,48.3319
1.4300,48.3135
1.4400,48.2946
1.4500,48.2753
1.4600,48.2556
1.4700,48.2354
1.4800,48.2148
1.4900,48.1937
1.5000,48.1722
1.5100,48.1503
1.5200,48.1280
1.5300,48.1052
1.5400,48.0820
1.5500,48.0584
1.5600,48.0343
1.5700,48.0099
1.5800,47.9849
1.5900,47.9596
1.6000,47.9339
1.6100,47.9077
1.6200,47.8811
1.6300,47.8540
1.6400,47.8266
1.6500,47.7987
1.6600,47.7704
1.6700,47.7417
1.6800,47.7126
1.6900,47.6830
1.7000,47.6531
1.7100,47.6227
1.7200,47.5919
1.7300,47.5607
1.7400,47.5291
1.7500,47.4970
1.7600,47.4646
1.7700,47.4317
1.7800,47.3984
1.7900,47.3647
1.8000,47.3306
1.8100,47.2961
1.8200,47.2612
1.8300,47.2259
1.8400,47.1902
1.8500,47.1540
1.8600,47.1175
1.8700,47.0806
1.8800,47.0432
1.8900,47.0055
1.9000,46.9673
1.9100,46.9288
1.9200,46.8898
1.9300,46.8505
1.9400,46.8107
1.9500,46.7706
1.9600,46.7300
1.9700,46.6891
1.9800,46.6477
1.9900,46.6060
2.0000,46.5639
2.0100,46.5213
2.0200,46.4784
2.0300,46.4351
2.0400,46.3914
2.0500,46.3474
2.0600,46.3029
2.0700,46.2580
2.0800,46.2128
2.0900,46.1671
2.1000,46.1211
2.1100,46.0747
2.1200,46.0279
2.1300,45.9808
2.1400,45.9332
2.1500,45.8853
2.1600,45.8370
2.1700,45.7883
2.1800,45.7392
2.1900,45.6898
2.2000,45.6400
2.2100,45.5898
2.2200,45.5392
2.2300,45.4882
2.2400,45.4369
2.2500,45.3852
2.2600,45.3332
2.2700,45.2808
2.2800,45.2280
2.2900,45.1748
2.3000,45.1213
2.3100,45.0674
2.3200,45.0131
2.3300,44.9585
2.3400,44.9035
2.3500,44.8481
2.3600,44.7924
2.3700,44.7364
2.3800,44.6799
2.3900,44.6231
2.4000,44.5660
2.4100,44.5085
2.4200,44.4507
2.4300,44.3924
2.4400,44.3339
2.4500,44.2750
2.4600,44.2157
2.4700,44.1561
2.4800,44.0961
2.4900,44.0358
2.5000,43.9752
2.5100,43.9142
2.5200,43.8528
2.5300,43.7912
2.5400,43.7291
2.5500,43.6668
2.5600,43.6041
2.5700,43.5410
2.5800,43.4776
2.5900,43.4139
2.6000,43.3498
2.6100,43.2855
2.6200,43.2207
2.6300,43.1557
2.6400,43.0903
2.6500,43.0246
2.6600,42.9585
2.6700,42.8921
2.6800,42.8254
2.6900,42.7584
2.7000,42.6911
2.7100,42.6234
2.7200,42.5554
2.7300,42.4871
2.7400,42.4185
2.7500,42.3495
2.7600,42.2802
2.7700,42.2107
2.7800,42.1408
2.7900,42.0705
2.8000,42.0000
2.8100,41.9292
2.8200,41.8580
2.8300,41.7866
2.8400,41.7148
2.8500,41.6427
2.8600,41.5704
2.8700,41.4977
2.8800,41.4247
2.8900,41.3514
2.9000,41.2778
2.9100,41.2039
2.9200,41.1298
2.9300,41.0553
2.9400,40.9805
2.9500,40.9054
2.9600,40.8301
2.9700,40.7544
2.9800,40.6785
2.9900,40.6022
3.0000,40.6022
3.0100,40.6859
3.0200,40.7695
3.0300,40.8530
3.0400,40.9363
3.0500,41.0196
3.0600,41.1027
3.0700,41.1858
3.0800,41.2687
3.0900,41.3515
3.1000,41.4342
3.1100,41.5168
3.1200,41.5993
3.1300,41.6817
3.1400,41.7639
3.1500,41.8461
3.1600,41.9281
3.1700,42.0100
3.1800,42.0918
3.1900,42.1735
3.2000,42.2551
3.2100,42.3365
3.2200,42.4179
3.2300,42.4991
3.2400,42.5802
3.2500,42.6612
3.2600,42.7421
3.2700,42.8229
3.2800,42.9035
3.2900,42.9840
3.3000,43.0644
3.3100,43.1447
3.3200,43.2249
3.3300,43.3049
3.3400,43.3849
3.3500,43.4647
3.3600,43.5444
3.3700,43.6239
3.3800,43.7034
3.3900,43.7827
3.4000,43.8619
3.4100,43.9410
3.4200,44.0200
3.4300,44.0988
3.4400,44.1775
3.4500,44.2561
3.4600,44.3346
3.4700,44.4129
3.4800,44.4911
3.4900,44.5692
3.5000,44.6472
3.5100,44.7250
3.5200,44.8027
3.5300,44.8803
3.5400,44.9578
3.5500,45.0351
3.5600,45.1123
3.5700,45.1894
3.5800,45.2663
3.5900,45.3431
3.6000,45.4198
3.6100,45.4964
3.6200,45.5728
3.6300,45.6491
3.6400,45.7252
3.6500,45.8013
3.6600,45.8772
3.6700,45.9529
3.6800,46.0286
3.6900,46.1041
3.7000,46.1794
3.7100,46.2547
3.7200,46.3298
3.7300,46.4048
3.7400,46.4796
3.7500,46.5543
3.7600,46.6288
3.7700,46.7033
3.7800,46.7776
3.7900,46.8517
3.8000,46.9257
3.8100,46.9996
3.8200,47.0734
3.8300,47.1470
3.8400,47.2204
3.8500,47.2938
3.8600,47.3670
3.8700,47.4400
3.8800,47.5129
3.8900,47.5857
3.9000,47.6583
3.9100,47.7308
3.9200,47.8032
3.9300,47.8754
3.9400,47.9474
3.9500,48.0194
3.9600,48.0912
3.9700,48.1628
3.9800,48.2343
3.9900,48.3056
4.0000,48.3769
4.0100,48.4479
4.0200,48.5188
4.0300,48.5896
4.0400,48.6603
4.0500,48.7307
4.0600,48.8011
4.0700,48.8713
4.0800,48.9413
4.0900,49.0112
4.1000,49.0810
4.1100,49.1506
4.1200,49.2201
4.1300,49.2894
4.1400,49.3585
4.1500,49.4275
4.1600,49.4964
4.1700,49.5651
4.1800,49.6337
4.1900,49.7021
4.2000,49.7704
4.2100,49.8385
4.2200,49.9065
4.2300,49.9743
4.2400,50.0419
4.2500,50.1094
4.2600,50.1768
4.2700,50.2440
4.2800,50.3111
4.2900,50.3780
4.3000,50.4447
4.3100,50.5113
4.3200,50.5777
4.3300,50.6440
4.3400,50.7101
4.3500,50.7761
4.3600,50.8419
4.3700,50.9076
4.3800,50.9731
4.3900,51.0384
4.4000,51.1036
4.4100,51.1687
4.4200,51.2335
4.4300,51.2983
4.4400,51.3628
4.4500,51.4272
4.4600,51.4915
4.4700,51.5556
4.4800,51.6195
4.4900,51.6833
4.5000,51.7469
4.5100,51.8103
4.5200,51.8736
4.5300,51.9367
4.5400,51.9997
4.5500,52.0625
4.5600,52.1251
4.5700,52.1876
4.5800,52.2499
4.5900,52.3121
4.6000,52.3741
4.6100,52.4359
4.6200,52.4976
4.6300,52.5591
4.6400,52.6205
4.6500,52.6816
4.6600,52.7426
4.6700,52.8035
4.6800,52.8642
4.6900,52.9247
4.7000,52.9850
4.7100,53.0452
4.7200,53.1053
4.7300,53.1651
4.7400,53.2248
4.7500,53.2843
4.7600,53.3437
4.7700,53.4029
4.7800,53.4619
4.7900,53.5207
4.8000,53.5794
4.8100,53.6379
4.8200,53.6963
4.8300,53.7545
4.8400,53.8125
4.8500,53.8703
4.8600,53.9280
4.8700,53.9855
4.8800,54.0428
4.8900,54.0999
4.9000,54.1569
4.9100,54.2137
4.9200,54.2704
4.9300,54.3269
4.9400,54.3832
4.9500,54.4393
4.9600,54.4952
4.9700,54.5510
4.9800,54.6066
4.9900,54.6621
5.0000,54.7173
5.0100,54.7724
5.0200,54.8273
5.0300,54.8821
5.0400,54.9366
5.0500,54.9910
5.0600,55.0453
5.0700,55.0993
5.0800,55.1532
5.0900,55.2069
5.1000,55.2604
5.1100,55.3137
5.1200,55.3669
5.1300,55.4199
5.1400,55.4727
5.1500,55.5253
5.1600,55.5777
5.1700,55.6300
5.1800,55.6821
5.1900,55.7340
5.2000,55.7858
5.2100,55.8374
5.2200,55.8887
5.2300,55.9399
5.2400,55.9910
5.2500,56.0418
5.2600,56.0925
5.2700,56.1430
5.2800,56.1933
5.2900,56.2434
5.3000,56.2933
5.3100,56.3431
5.3200,56.3927
5.3300,56.4421
5.3400,56.4913
5.3500,56.5404
5.3600,56.5892
5.3700,56.6379
5.3800,56.6864
5.3900,56.7347
5.4000,56.7828
5.4100,56.8308
5.4200,56.8785
5.4300,56.9261
5.4400,56.9735
5.4500,57.0207
5.4600,57.0677
5.4700,57.1146
5.4800,57.1612
5.4900,57.2077
5.5000,57.2540
5.5100,57.3001
5.5200,57.3460
5.5300,57.3917
5.5400,57.4373
5.5500,57.4826
5.5600,57.5278
5.5700,57.5728
5.5800,57.6176
5.5900,57.6622
5.6000,57.7066
5.6100,57.7509
5.6200,57.7949
5.6300,57.8388
5.6400,57.8825
5.6500,57.9259
5.6600,57.9692
5.6700,58.0123
5.6800,58.0553
5.6900,58.0980
5.7000,58.1405
5.7100,58.1829
5.7200,58.2251
5.7300,58.2670
5.7400,58.3088
5.7500,58.3504
5.7600,58.3918
5.7700,58.4330
5.7800,58.4740
5.7900,58.5149
5.8000,58.5555
5.8100,58.5960
5.8200,58.6362
5.8300,58.6763
5.8400,58.7161
5.8500,58.7558
5.8600,58.7953
5.8700,58.8346
5.8800,58.8737
5.8900,58.9126
5.9000,58.9513
5.9100,58.9899
5.9200,59.0282
5.9300,59.0663
5.9400,59.1043
5.9500,59.1420
5.9600,59.1796
5.9700,59.2169
5.9800,59.2541
5.9900,59.2910
6.0000,59.2910
6.0100,59.2573
6.0200,59.2232
6.0300,59.1888
6.0400,59.1541
6.0500,59.1192
6.0600,59.0839
6.0700,59.0483
6.0800,59.0125
6.0900,58.9763
6.1000,58.9399
6.1100,58.9031
6.1200,58.8661
6.1300,58.8288
6.1400,58.7911
6.1500,58.7532
6.1600,58.7150
6.1700,58.6765
6.1800,58.6377
6.1900,58.5986
6.2000,58.5592
6.2100,58.5196
6.2200,58.4796
6.2300,58.4393
6.2400,58.3988
6.2500,58.3579
6.2600,58.3168
6.2700,58.2754
6.2800,58.2337
6.2900,58.1917
6.3000,58.1494
6.3100,58.1068
6.3200,58.0639
6.3300,58.0208
6.3400,57.9773
6.3500,57.9336
6.3600,57.8895
6.3700,57.8452
6.3800,57.8006
6.3900,57.7557
6.4000,57.7106
6.4100,57.6651
6.4200,57.6193
6.4300,57.5733
6.4400,57.5270
6.4500,57.4804
6.4600,57.4335
6.4700,57.3863
6.4800,57.3388
6.4900,57.2911
6.5000,57.2430
6.5100,57.1947
6.5200,57.1461
6.5300,57.0972
6.5400,57.0480
6.5500,56.9986
6.5600,56.9488
6.5700,56.8988
6.5800,56.8485
6.5900,56.7979
6.6000,56.7470
6.6100,56.6959
6.6200,56.6444
6.6300,56.5927
6.6400,56.5407
6.6500,56.4884
6.6600,56.4358
6.6700,56.3830
6.6800,56.3299
6.6900,56.2765
6.7000,56.2228
6.7100,56.1688
6.7200,56.1146
6.7300,56.0601
6.7400,56.0053
6.7500,55.9502
6.7600,55.8948
6.7700,55.8392
6.7800,55.7833
6.7900,55.7271
6.8000,55.6706
6.8100,55.6139
6.8200,55.5569
6.8300,55.4996
6.8400,55.4420
6.8500,55.3841
6.8600,55.3260
6.8700,55.2676
6.8800,55.2089
6.8900,55.1500
6.9000,55.0908
6.9100,55.0313
6.9200,54.9715
6.9300,54.9115
6.9400,54.8512
6.9500,54.7906
6.9600,54.7297
6.9700,54.6686
6.9800,54.6072
6.9900,54.5455
7.0000,54.4836
7.0100,54.4214
7.0200,54.3589
7.0300,54.2961
7.0400,54.2331
7.0500,54.1698
7.0600,54.1063
7.0700,54.0424
7.0800,53.9783
7.0900,53.9140
7.1000,53.8493
7.1100,53.7844
7.1200,53.7193
7.1300,53.6538
7.1400,53.5881
7.1500,53.5222
7.1600,53.4559
7.1700,53.3894
7.1800,53.3227
7.1900,53.2556
7.2000,53.1884
7.2100,53.1208
7.2200,53.0530
7.2300,52.9849
7.2400,52.9166
7.2500,52.8480
7.2600,52.7791
7.2700,52.7100
7.2800,52.6406
7.2900,52.5709
7.3000,52.5010
7.3100,52.4309
7.3200,52.3604
7.3300,52.2897
7.3400,52.2188
7.3500,52.1476
7.3600,52.0761
7.3700,52.0044
7.3800,51.9324
7.3900,51.8602
7.4000,51.7877
7.4100,51.7150
7.4200,51.6420
7.4300,51.5687
7.4400,51.4952
7.4500,51.4214
7.4600,51.3474
7.4700,51.2732
7.4800,51.1986
7.4900,51.1239
7.5000,51.0488
7.5100,50.9736
7.5200,50.8980
7.5300,50.8223
7.5400,50.7462
7.5500,50.6699
7.5600,50.5934
7.5700,50.5166
7.5800,50.4396
7.5900,50.3623
7.6000,50.2848
7.6100,50.2071
7.6200,50.1290
7.6300,50.0508
7.6400,49.9723
7.6500,49.8935
7.6600,49.8145
7.6700,49.7353
7.6800,49.6558
7.6900,49.5761
7.7000,49.4961
7.7100,49.4159
7.7200,49.3355
7.7300,49.2548
7.7400,49.1738
7.7500,49.0927
7.7600,49.0113
7.7700,48.9296
7.7800,48.8477
7.7900,48.7656
7.8000,48.6832
7.8100,48.6006
7.8200,48.5178
7.8300,48.4347
7.8400,48.3514
7.8500,48.2679
7.8600,48.1841
7.8700,48.1001
7.8800,48.0158
7.8900,47.9313
7.9000,47.8466
7.9100,47.7617
7.9200,47.6765
7.9300,47.5911
7.9400,47.5055
7.9500,47.4196
7.9600,47.3335
7.9700,47.2472
7.9800,47.1607
7.9900,47.0739
8.0000,46.9869
8.0100,46.8997
8.0200,46.8122
8.0300,46.7246
8.0400,46.6367
8.0500,46.5485
8.0600,46.4602
8.0700,46.3716
8.0800,46.2828
8.0900,46.1938
8.1000,46.1046
8.1100,46.0151
8.1200,45.9255
8.1300,45.8356
8.1400,45.7455
8.1500,45.6551
8.1600,45.5646
8.1700,45.4738
8.1800,45.3829
8.1900,45.2917
8.2000,45.2003
8.2100,45.1086
8.2200,45.0168
8.2300,44.9248
8.2400,44.8325
8.2500,44.7400
8.2600,44.6474
8.2700,44.5545
8.2800,44.4614
8.2900,44.3681
8.3000,44.2745
8.3100,44.1808
8.3200,44.0869
8.3300,43.9928
8.3400,43.8984
8.3500,43.8039
8.3600,43.7091
8.3700,43.6142
8.3800,43.5190
8.3900,43.4236
8.4000,43.3281
8.4100,43.2323
8.4200,43.1363
8.4300,43.0402
8.4400,42.9438
8.4500,42.8473
8.4600,42.7505
8.4700,42.6535
8.4800,42.5564
8.4900,42.4590
8.5000,42.3615
8.5100,42.2638
8.5200,42.1658
8.5300,42.0677
8.5400,41.9694
8.5500,41.8709
8.5600,41.7722
8.5700,41.6733
8.5800,41.5742
8.5900,41.4750
8.6000,41.3755
8.6100,41.2759
8.6200,41.1760
8.6300,41.0760
8.6400,40.9758
8.6500,40.8754
8.6600,40.7749
8.6700,40.6741
8.6800,40.5732
8.6900,40.4721
8.7000,40.3708
8.7100,40.2693
8.7200,40.1676
8.7300,40.0658
8.7400,39.9638
8.7500,39.8616
8.7600,39.7592
8.7700,39.6567
8.7800,39.5540
8.7900,39.4511
8.8000,39.3480
8.8100,39.2448
8.8200,39.1413
8.8300,39.0378
8.8400,38.9340
8.8500,38.8301
8.8600,38.7260
8.8700,38.6217
8.8800,38.5173
8.8900,38.4127
8.9000,38.3079
8.9100,38.2030
8.9200,38.0979
8.9300,37.9926
8.9400,37.8872
8.9500,37.7816
8.9600,37.6758
8.9700,37.5699
8.9800,37.4639
8.9900,37.3576
9.0000,37.3576
9.0100,37.3583
9.0200,37.3590
9.0300,37.3597
9.0400,37.3603
9.0500,37.3610
9.0600,37.3617
9.0700,37.3623
9.0800,37.3630
9.0900,37.3636
9.1000,37.3643
9.1100,37.3649
9.1200,37.3656
9.1300,37.3662
9.1400,37.3668
9.1500,37.3675
9.1600,37.3681
9.1700,37.3687
9.1800,37.3693
9.1900,37.3699
9.2000,37.3705
9.2100,37.3711
9.2200,37.3717
9.2300,37.3723
9.2400,37.3729
9.2500,37.3734
9.2600,37.3740
9.2700,37.3746
9.2800,37.3751
9.2900,37.3757
9.3000,37.3763
9.3100,37.3768
9.3200,37.3774
9.3300,37.3779
9.3400,37.3784
9.3500,37.3790
9.3600,37.3795
9.3700,37.3800
9.3800,37.3805
9.3900,37.3810
9.4000,37.3815
9.4100,37.3820
9.4200,37.3825
9.4300,37.3830
9.4400,37.3835
9.4500,37.3840
9.4600,37.3845
9.4700,37.3850
9.4800,37.3854
9.4900,37.3859
9.5000,37.3864
9.5100,37.3868
9.5200,37.3873
9.5300,37.3877
9.5400,37.3882
9.5500,37.3886
9.5600,37.3890
9.5700,37.3895
9.5800,37.3899
9.5900,37.3903
9.6000,37.3907
9.6100,37.3911
9.6200,37.3916
9.6300,37.3920
9.6400,37.3923
9.6500,37.3927
9.6600,37.3931
9.6700,37.3935
9.6800,37.3939
9.6900,37.3943
9.7000,37.3946
9.7100,37.3950
9.7200,37.3954
9.7300,37.3957
9.7400,37.3961
9.7500,37.3964
9.7600,37.3968
9.7700,37.3971
9.7800,37.3974
9.7900,37.3978
9.8000,37.3981
9.8100,37.3984
9.8200,37.3987
9.8300,37.3990
9.8400,37.3993
9.8500,37.3996
9.8600,37.3999
9.8700,37.4002
9.8800,37.4005
9.8900,37.4008
9.9000,37.4011
9.9100,37.4013
9.9200,37.4016
9.9300,37.4019
9.9400,37.4021
9.9500,37.4024
9.9600,37.4026
9.9700,37.4029
9.9800,37.4031
9.9900,37.4033
10.0000,37.4036
10.0100,37.4038
10.0200,37.4040
10.0300,37.4042
10.0400,37.4044
10.0500,37.4047
10.0600,37.4049
10.0700,37.4051
10.0800,37.4052
10.0900,37.4054
10.1000,37.4056
10.1100,37.4058
10.1200,37.4060
10.1300,37.4061
10.1400,37.4063
10.1500,37.4065
10.1600,37.4066
10.1700,37.4068
10.1800,37.4069
10.1900,37.4071
10.2000,37.4072
10.2100,37.4073
10.2200,37.4075
10.2300,37.4076
10.2400,37.4077
10.2500,37.4078
10.2600,37.4079
10.2700,37.4081
10.2800,37.4082
10.2900,37.4083
10.3000,37.4083
10.3100,37.4084
10.3200,37.4085
10.3300,37.4086
10.3400,37.4087
10.3500,37.4087
10.3600,37.4088
10.3700,37.4089
10.3800,37.4089
10.3900,37.4090
10.4000,37.4090
10.4100,37.4091
10.4200,37.4091
10.4300,37.4091
10.4400,37.4092
10.4500,37.4092
10.4600,37.4092
10.4700,37.4092
10.4800,37.4092
10.4900,37.4092
10.5000,37.4092
10.5100,37.4092
10.5200,37.4092
10.5300,37.4092
10.5400,37.4092
10.5500,37.4092
10.5600,37.4091
10.5700,37.4091
10.5800,37.4091
10.5900,37.4090
10.6000,37.4090
10.6100,37.4089
10.6200,37.4089
10.6300,37.4088
10.6400,37.4087
10.6500,37.4087
10.6600,37.4086
10.6700,37.4085
10.6800,37.4084
10.6900,37.4083
10.7000,37.4083
10.7100,37.4082
10.7200,37.4081
10.7300,37.4079
10.7400,37.4078
10.7500,37.4077
10.7600,37.4076
10.7700,37.4075
10.7800,37.4073
10.7900,37.4072
10.8000,37.4071
10.8100,37.4069
10.8200,37.4068
10.8300,37.4066
10.8400,37.4065
10.8500,37.4063
10.8600,37.4061
10.8700,37.4060
10.8800,37.4058
10.8900,37.4056
10.9000,37.4054
10.9100,37.4052
10.9200,37.4051
10.9300,37.4049
10.9400,37.4047
10.9500,37.4044
10.9600,37.4042
10.9700,37.4040
10.9800,37.4038
10.9900,37.4036
11.0000,37.4033
11.0100,37.4031
11.0200,37.4029
11.0300,37.4026
11.0400,37.4024
11.0500,37.4021
11.0600,37.4019
11.0700,37.4016
11.0800,37.4013
11.0900,37.4011
11.1000,37.4008
11.1100,37.4005
11.1200,37.4002
11.1300,37.3999
11.1400,37.3996
11.1500,37.3993
11.1600,37.3990
11.1700,37.3987
11.1800,37.3984
11.1900,37.3981
11.2000,37.3978
11.2100,37.3974
11.2200,37.3971
11.2300,37.3968
11.2400,37.3964
11.2500,37.3961
11.2600,37.3957
11.2700,37.3954
11.2800,37.3950
11.2900,37.3946
11.3000,37.3943
11.3100,37.3939
11.3200,37.3935
11.3300,37.3931
11.3400,37.3927
11.3500,37.3923
11.3600,37.3920
11.3700,37.3916
11.3800,37.3911
11.3900,37.3907
11.4000,37.3903
11.4100,37.3899
11.4200,37.3895
11.4300,37.3890
11.4400,37.3886
11.4500,37.3882
11.4600,37.3877
11.4700,37.3873
11.4800,37.3868
11.4900,37.3864
11.5000,37.3859
11.5100,37.3854
11.5200,37.3850
11.5300,37.3845
11.5400,37.3840
11.5500,37.3835
11.5600,37.3830
11.5700,37.3825
11.5800,37.3820
11.5900,37.3815
11.6000,37.3810
11.6100,37.3805
11.6200,37.3800
11.6300,37.3795
11.6400,37.3790
11.6500,37.3784
11.6600,37.3779
11.6700,37.3774
11.6800,37.3768
11.6900,37.3763
11.7000,37.3757
11.7100,37.3751
11.7200,37.3746
11.7300,37.3740
11.7400,37.3734
11.7500,37.3729
11.7600,37.3723
11.7700,37.3717
11.7800,37.3711
11.7900,37.3705
11.8000,37.3699
11.8100,37.3693
11.8200,37.3687
11.8300,37.3681
11.8400,37.3675
11.8500,37.3668
11.8600,37.3662
11.8700,37.3656
11.8800,37.3649
11.8900,37.3643
11.9000,37.3636
11.9100,37.3630
11.9200,37.3623
11.9300,37.3617
11.9400,37.3610
11.9500,37.3603
11.9600,37.3597
11.9700,37.3590
11.9800,37.3583
11.9900,37.3576
12.0000,37.3576
12.0100,37.4638
12.0200,37.5699
12.0300,37.6758
12.0400,37.7815
12.0500,37.8871
12.0600,37.9925
12.0700,38.0977
12.0800,38.2028
12.0900,38.3077
12.1000,38.4125
12.1100,38.5170
12.1200,38.6215
12.1300,38.7257
12.1400,38.8298
12.1500,38.9337
12.1600,39.0374
12.1700,39.1410
12.1800,39.2444
12.1900,39.3476
12.2000,39.4506
12.2100,39.5535
12.2200,39.6562
12.2300,39.7587
12.2400,39.8611
12.2500,39.9632
12.2600,40.0652
12.2700,40.1670
12.2800,40.2687
12.2900,40.3701
12.3000,40.4714
12.3100,40.5725
12.3200,40.6734
12.3300,40.7741
12.3400,40.8747
12.3500,40.9750
12.3600,41.0752
12.3700,41.1752
12.3800,41.2750
12.3900,41.3746
12.4000,41.4740
12.4100,41.5733
12.4200,41.6723
12.4300,41.7712
12.4400,41.8699
12.4500,41.9683
12.4600,42.0666
12.4700,42.1647
12.4800,42.2626
12.4900,42.3603
12.5000,42.4579
12.5100,42.5552
12.5200,42.6523
12.5300,42.7492
12.5400,42.8460
12.5500,42.9425
12.5600,43.0388
12.5700,43.1350
12.5800,43.2309
12.5900,43.3266
12.6000,43.4222
12.6100,43.5175
12.6200,43.6126
12.6300,43.7076
12.6400,43.8023
12.6500,43.8968
12.6600,43.9911
12.6700,44.0852
12.6800,44.1791
12.6900,44.2728
12.7000,44.3663
12.7100,44.4596
12.7200,44.5527
12.7300,44.6455
12.7400,44.7382
12.7500,44.8306
12.7600,44.9228
12.7700,45.0148
12.7800,45.1066
12.7900,45.1982
12.8000,45.2896
12.8100,45.3808
12.8200,45.4717
12.8300,45.5624
12.8400,45.6530
12.8500,45.7433
12.8600,45.8333
12.8700,45.9232
12.8800,46.0128
12.8900,46.1023
12.9000,46.1915
12.9100,46.2804
12.9200,46.3692
12.9300,46.4577
12.9400,46.5460
12.9500,46.6341
12.9600,46.7220
12.9700,46.8097
12.9800,46.8971
12.9900,46.9843
13.0000,47.0712
13.0100,47.1580
13.0200,47.2445
13.0300,47.3308
13.0400,47.4168
13.0500,47.5027
13.0600,47.5883
13.0700,47.6736
13.0800,47.7588
13.0900,47.8437
13.1000,47.9284
13.1100,48.0128
13.1200,48.0970
13.1300,48.1810
13.1400,48.2647
13.1500,48.3482
13.1600,48.4315
13.1700,48.5146
13.1800,48.5974
13.1900,48.6799
13.2000,48.7623
13.2100,48.8443
13.2200,48.9262
13.2300,49.0078
13.2400,49.0892
13.2500,49.1703
13.2600,49.2512
13.2700,49.3319
13.2800,49.4123
13.2900,49.4925
13.3000,49.5724
13.3100,49.6521
13.3200,49.7315
13.3300,49.8108
13.3400,49.8897
13.3500,49.9684
13.3600,50.0469
13.3700,50.1251
13.3800,50.2031
13.3900,50.2808
13.4000,50.3583
13.4100,50.4356
13.4200,50.5125
13.4300,50.5893
13.4400,50.6658
13.4500,50.7420
13.4600,50.8180
13.4700,50.8938
13.4800,50.9692
13.4900,51.0445
13.5000,51.1195
13.5100,51.1942
13.5200,51.2687
13.5300,51.3429
13.5400,51.4169
13.5500,51.4906
13.5600,51.5641
13.5700,51.6373
13.5800,51.7103
13.5900,51.7830
13.6000,51.8554
13.6100,51.9276
13.6200,51.9996
13.6300,52.0713
13.6400,52.1427
13.6500,52.2139
13.6600,52.2848
13.6700,52.3554
13.6800,52.4258
13.6900,52.4959
13.7000,52.5658
13.7100,52.6354
13.7200,52.7048
13.7300,52.7739
13.7400,52.8427
13.7500,52.9112
13.7600,52.9795
13.7700,53.0476
13.7800,53.1154
13.7900,53.1829
13.8000,53.2501
13.8100,53.3171
13.8200,53.3838
13.8300,53.4503
13.8400,53.5165
13.8500,53.5824
13.8600,53.6481
13.8700,53.7135
13.8800,53.7786
13.8900,53.8435
13.9000,53.9081
13.9100,53.9724
13.9200,54.0364
13.9300,54.1002
13.9400,54.1638
13.9500,54.2270
13.9600,54.2900
13.9700,54.3527
13.9800,54.4152
13.9900,54.4773
14.0000,54.5392
14.0100,54.6009
14.0200,54.6622
14.0300,54.7233
14.0400,54.7841
14.0500,54.8447
14.0600,54.9050
14.0700,54.9650
14.0800,55.0247
14.0900,55.0841
14.1000,55.1433
14.1100,55.2022
14.1200,55.2609
14.1300,55.3192
14.1400,55.3773
14.1500,55.4351
14.1600,55.4926
14.1700,55.5499
14.1800,55.6069
14.1900,55.6636
14.2000,55.7200
14.2100,55.7761
14.2200,55.8320
14.2300,55.8876
14.2400,55.9429
14.2500,55.9980
14.2600,56.0527
14.2700,56.1072
14.2800,56.1614
14.2900,56.2153
14.3000,56.2690
14.3100,56.3223
14.3200,56.3754
14.3300,56.4282
14.3400,56.4808
14.3500,56.5330
14.3600,56.5850
14.3700,56.6366
14.3800,56.6880
14.3900,56.7392
14.4000,56.7900
14.4100,56.8405
14.4200,56.8908
14.4300,56.9408
14.4400,56.9905
14.4500,57.0399
14.4600,57.0891
14.4700,57.1379
14.4800,57.1865
14.4900,57.2348
14.5000,57.2827
14.5100,57.3305
14.5200,57.3779
14.5300,57.4250
14.5400,57.4719
14.5500,57.5185
14.5600,57.5647
14.5700,57.6107
14.5800,57.6564
14.5900,57.7019
14.6000,57.7470
14.6100,57.7919
14.6200,57.8364
14.6300,57.8807
14.6400,57.9247
14.6500,57.9684
14.6600,58.0118
14.6700,58.0549
14.6800,58.0977
14.6900,58.1403
14.7000,58.1825
14.7100,58.2245
14.7200,58.2661
14.7300,58.3075
14.7400,58.3486
14.7500,58.3894
14.7600,58.4299
14.7700,58.4701
14.7800,58.5101
14.7900,58.5497
14.8000,58.5890
14.8100,58.6281
14.8200,58.6668
14.8300,58.7053
14.8400,58.7435
14.8500,58.7813
14.8600,58.8189
14.8700,58.8562
14.8800,58.8932
14.8900,58.9299
14.9000,58.9663
14.9100,59.0024
14.9200,59.0382
14.9300,59.0738
14.9400,59.1090
14.9500,59.1439
14.9600,59.1785
14.9700,59.2129
14.9800,59.2469
14.9900,59.2806
15.0000,59.2806
15.0100,59.2795
15.0200,59.2782
15.0300,59.2770
15.0400,59.2758
15.0500,59.2746
15.0600,59.2733
15.0700,59.2721
15.0800,59.2708
15.0900,59.2696
15.1000,59.2683
15.1100,59.2670
15.1200,59.2657
15.1300,59.2645
15.1400,59.2631
15.1500,59.2618
15.1600,59.2605
15.1700,59.2592
15.1800,59.2579
15.1900,59.2565
15.2000,59.2552
15.2100,59.2538
15.2200,59.2524
15.2300,59.2511
15.2400,59.2497
15.2500,59.2483
15.2600,59.2469
15.2700,59.2455
15.2800,59.2441
15.2900,59.2427
15.3000,59.2412
15.3100,59.2398
15.3200,59.2384
15.3300,59.2369
15.3400,59.2354
15.3500,59.2340
15.3600,59.2325
15.3700,59.2310
15.3800,59.2295
15.3900,59.2280
15.4000,59.2265
15.4100,59.2250
15.4200,59.2235
15.4300,59.2219
15.4400,59.2204
15.4500,59.2188
15.4600,59.2173
15.4700,59.2157
15.4800,59.2141
15.4900,59.2126
15.5000,59.2110
15.5100,59.2094
15.5200,59.2078
15.5300,59.2062
15.5400,59.2045
15.5500,59.2029
15.5600,59.2013
15.5700,59.1996
15.5800,59.1980
15.5900,59.1963
15.6000,59.1946
15.6100,59.1930
15.6200,59.1913
15.6300,59.1896
15.6400,59.1879
15.6500,59.1862
15.6600,59.1845
15.6700,59.1827
15.6800,59.1810
15.6900,59.1793
15.7000,59.1775
15.7100,59.1758
15.7200,59.1740
15.7300,59.1722
15.7400,59.1704
15.7500,59.1687
15.7600,59.1669
15.7700,59.1651
15.7800,59.1632
15.7900,59.1614
15.8000,59.1596
15.8100,59.1578
15.8200,59.1559
15.8300,59.1541
15.8400,59.1522
15.8500,59.1503
15.8600,59.1485
15.8700,59.1466
15.8800,59.1447
15.8900,59.1428
15.9000,59.1409
15.9100,59.1390
15.9200,59.1370
15.9300,59.1351
15.9400,59.1332
15.9500,59.1312
15.9600,59.1293
15.9700,59.1273
15.9800,59.1253
15.9900,59.1234
16.0000,59.1214
16.0100,59.1194
16.0200,59.1174
16.0300,59.1154
16.0400,59.1133
16.0500,59.1113
16.0600,59.1093
16.0700,59.1072
16.0800,59.1052
16.0900,59.1031
16.1000,59.1011
16.1100,59.0990
16.1200,59.0969
16.1300,59.0948
16.1400,59.0927
16.1500,59.0906
16.1600,59.0885
16.1700,59.0864
16.1800,59.0842
16.1900,59.0821
16.2000,59.0800
16.2100,59.0778
16.2200,59.0756
16.2300,59.0735
16.2400,59.0713
16.2500,59.0691
16.2600,59.0669
16.2700,59.0647
16.2800,59.0625
16.2900,59.0603
16.3000,59.0581
16.3100,59.0558
16.3200,59.0536
16.3300,59.0513
16.3400,59.0491
16.3500,59.0468
16.3600,59.0445
16.3700,59.0423
16.3800,59.0400
16.3900,59.0377
16.4000,59.0354
16.4100,59.0331
16.4200,59.0307
16.4300,59.0284
16.4400,59.0261
16.4500,59.0237
16.4600,59.0214
16.4700,59.0190
16.4800,59.0166
16.4900,59.0143
16.5000,59.0119
16.5100,59.0095
16.5200,59.0071
16.5300,59.0047
16.5400,59.0023
16.5500,58.9998
16.5600,58.9974
16.5700,58.9950
16.5800,58.9925
16.5900,58.9901
16.6000,58.9876
16.6100,58.9851
16.6200,58.9827
16.6300,58.9802
16.6400,58.9777
16.6500,58.9752
16.6600,58.9727
16.6700,58.9701
16.6800,58.9676
16.6900,58.9651
16.7000,58.9625
16.7100,58.9600
16.7200,58.9574
16.7300,58.9549
16.7400,58.9523
16.7500,58.9497
16.7600,58.9471
16.7700,58.9445
16.7800,58.9419
16.7900,58.9393
16.8000,58.9367
16.8100,58.9340
16.8200,58.9314
16.8300,58.9287
16.8400,58.9261
16.8500,58.9234
16.8600,58.9208
16.8700,58.9181
16.8800,58.9154
16.8900,58.9127
16.9000,58.9100
16.9100,58.9073
16.9200,58.9046
16.9300,58.9019
16.9400,58.8991
16.9500,58.8964
16.9600,58.8936
16.9700,58.8909
16.9800,58.8881
16.9900,58.8853
17.0000,58.8826
17.0100,58.8798
17.0200,58.8770
17.0300,58.8742
17.0400,58.8714
17.0500,58.8685
17.0600,58.8657
17.0700,58.8629
17.0800,58.8600
17.0900,58.8572
17.1000,58.8543
17.1100,58.8514
17.1200,58.8486
17.1300,58.8457
17.1400,58.8428
17.1500,58.8399
17.1600,58.8370
17.1700,58.8341
17.1800,58.8311
17.1900,58.8282
17.2000,58.8253
17.2100,58.8223
17.2200,58.8194
17.2300,58.8164
17.2400,58.8134
17.2500,58.8105
17.2600,58.8075
17.2700,58.8045
17.2800,58.8015
17.2900,58.7985
17.3000,58.7954
17.3100,58.7924
17.3200,58.7894
17.3300,58.7863
17.3400,58.7833
17.3500,58.7802
17.3600,58.7772
17.3700,58.7741
17.3800,58.7710
17.3900,58.7679
17.4000,58.7648
17.4100,58.7617
17.4200,58.7586
17.4300,58.7555
17.4400,58.7524
17.4500,58.7492
17.4600,58.7461
17.4700,58.7429
17.4800,58.7398
17.4900,58.7366
17.5000,58.7334
17.5100,58.7302
17.5200,58.7270
17.5300,58.7238
17.5400,58.7206
17.5500,58.7174
17.5600,58.7142
17.5700,58.7110
17.5800,58.7077
17.5900,58.7045
17.6000,58.7012
17.6100,58.6980
17.6200,58.6947
17.6300,58.6914
17.6400,58.6881
17.6500,58.6848
17.6600,58.6815
17.6700,58.6782
17.6800,58.6749
17.6900,58.6716
17.7000,58.6682
17.7100,58.6649
17.7200,58.6615
17.7300,58.6582
17.7400,58.6548
17.7500,58.6514
17.7600,58.6481
17.7700,58.6447
17.7800,58.6413
17.7900,58.6379
17.8000,58.6345
17.8100,58.6310
17.8200,58.6276
17.8300,58.6242
17.8400,58.6207
17.8500,58.6173
17.8600,58.6138
17.8700,58.6103
17.8800,58.6069
17.8900,58.6034
17.9000,58.5999
17.9100,58.5964
17.9200,58.5929
17.9300,58.5894
17.9400,58.5858
17.9500,58.5823
17.9600,58.5788
17.9700,58.5752
17.9800,58.5717
17.9900,58.5681
18.0000,58.5681
18.0100,58.5350
18.0200,58.5017
18.0300,58.4680
18.0400,58.4340
18.0500,58.3998
18.0600,58.3652
18.0700,58.3304
18.0800,58.2952
18.0900,58.2598
18.1000,58.2241
18.1100,58.1881
18.1200,58.1518
18.1300,58.1151
18.1400,58.0783
18.1500,58.0411
18.1600,58.0036
18.1700,57.9658
18.1800,57.9277
18.1900,57.8894
18.2000,57.8507
18.2100,57.8118
18.2200,57.7726
18.2300,57.7330
18.2400,57.6932
18.2500,57.6531
18.2600,57.6128
18.2700,57.5721
18.2800,57.5311
18.2900,57.4899
18.3000,57.4483
18.3100,57.4065
18.3200,57.3644
18.3300,57.3220
18.3400,57.2793
18.3500,57.2363
18.3600,57.1930
18.3700,57.1495
18.3800,57.1056
18.3900,57.0615
18.4000,57.0171
18.4100,56.9724
18.4200,56.9274
18.4300,56.8822
18.4400,56.8366
18.4500,56.7908
18.4600,56.7447
18.4700,56.6983
18.4800,56.6516
18.4900,56.6046
18.5000,56.5574
18.5100,56.5098
18.5200,56.4620
18.5300,56.4139
18.5400,56.3655
18.5500,56.3169
18.5600,56.2679
18.5700,56.2187
18.5800,56.1692
18.5900,56.1194
18.6000,56.0694
18.6100,56.0190
18.6200,55.9684
18.6300,55.9175
18.6400,55.8663
18.6500,55.8148
18.6600,55.7631
18.6700,55.7111
18.6800,55.6588
18.6900,55.6062
18.7000,55.5534
18.7100,55.5002
18.7200,55.4468
18.7300,55.3931
18.7400,55.3392
18.7500,55.2849
18.7600,55.2304
18.7700,55.1756
18.7800,55.1206
18.7900,55.0653
18.8000,55.0096
18.8100,54.9538
18.8200,54.8976
18.8300,54.8412
18.8400,54.7845
18.8500,54.7275
18.8600,54.6702
18.8700,54.6127
18.8800,54.5549
18.8900,54.4968
18.9000,54.4385
18.9100,54.3799
18.9200,54.3210
18.9300,54.2619
18.9400,54.2025
18.9500,54.1428
18.9600,54.0828
18.9700,54.0226
18.9800,53.9621
18.9900,53.9013
19.0000,53.8403
19.0100,53.7790
19.0200,53.7174
19.0300,53.6556
19.0400,53.5935
19.0500,53.5311
19.0600,53.4684
19.0700,53.4055
19.0800,53.3424
19.0900,53.2789
19.1000,53.2152
19.1100,53.1513
19.1200,53.0870
19.1300,53.0226
19.1400,52.9578
19.1500,52.8928
19.1600,52.8275
19.1700,52.7620
19.1800,52.6961
19.1900,52.6301
19.2000,52.5638
19.2100,52.4972
19.2200,52.4303
19.2300,52.3632
19.2400,52.2958
19.2500,52.2282
19.2600,52.1603
19.2700,52.0922
19.2800,52.0238
19.2900,51.9551
19.3000,51.8862
19.3100,51.8170
19.3200,51.7476
19.3300,51.6779
19.3400,51.6079
19.3500,51.5377
19.3600,51.4673
19.3700,51.3966
19.3800,51.3256
19.3900,51.2544
19.4000,51.1829
19.4100,51.1112
19.4200,51.0392
19.4300,50.9670
19.4400,50.8945
19.4500,50.8218
19.4600,50.7488
19.4700,50.6755
19.4800,50.6021
19.4900,50.5283
19.5000,50.4543
19.5100,50.3801
19.5200,50.3056
19.5300,50.2309
19.5400,50.1559
19.5500,50.0807
19.5600,50.0052
19.5700,49.9295
19.5800,49.8536
19.5900,49.7773
19.6000,49.7009
19.6100,49.6242
19.6200,49.5473
19.6300,49.4701
19.6400,49.3927
19.6500,49.3150
19.6600,49.2371
19.6700,49.1589
19.6800,49.0805
19.6900,49.0019
19.7000,48.9230
19.7100,48.8439
19.7200,48.7646
19.7300,48.6850
19.7400,48.6052
19.7500,48.5251
19.7600,48.4448
19.7700,48.3643
19.7800,48.2835
19.7900,48.2025
19.8000,48.1212
19.8100,48.0398
19.8200,47.9580
19.8300,47.8761
19.8400,47.7939
19.8500,47.7115
19.8600,47.6289
19.8700,47.5460
19.8800,47.4629
19.8900,47.3796
19.9000,47.2960
19.9100,47.2122
19.9200,47.1282
19.9300,47.0439
19.9400,46.9595
19.9500,46.8748
19.9600,46.7898
19.9700,46.7047
19.9800,46.6193
19.9900,46.5337
20.0000,46.4478
20.0100,46.3618
20.0200,46.2755
20.0300,46.1890
20.0400,46.1023
20.0500,46.0154
20.0600,45.9282
20.0700,45.8408
20.0800,45.7532
20.0900,45.6654
20.1000,45.5773
20.1100,45.4891
20.1200,45.4006
20.1300,45.3119
20.1400,45.2230
20.1500,45.1339
20.1600,45.0445
20.1700,44.9550
20.1800,44.8652
20.1900,44.7752
20.2000,44.6850
20.2100,44.5946
20.2200,44.5040
20.2300,44.4132
20.2400,44.3221
20.2500,44.2309
20.2600,44.1394
20.2700,44.0478
20.2800,43.9559
20.2900,43.8638
20.3000,43.7715
20.3100,43.6791
20.3200,43.5864
20.3300,43.4935
20.3400,43.4004
20.3500,43.3070
20.3600,43.2135
20.3700,43.1198
20.3800,43.0259
20.3900,42.9318
20.4000,42.8375
20.4100,42.7430
20.4200,42.6483
20.4300,42.5533
20.4400,42.4582
20.4500,42.3629
20.4600,42.2674
20.4700,42.1717
20.4800,42.0758
20.4900,41.9798
20.5000,41.8835
20.5100,41.7870
20.5200,41.6903
20.5300,41.5935
20.5400,41.4964
20.5500,41.3992
20.5600,41.3018
20.5700,41.2042
20.5800,41.1063
20.5900,41.0084
20.6000,40.9102
20.6100,40.8118
20.6200,40.7133
20.6300,40.6145
20.6400,40.5156
20.6500,40.4165
20.6600,40.3172
20.6700,40.2178
20.6800,40.1181
20.6900,40.0183
20.7000,39.9183
20.7100,39.8181
20.7200,39.7177
20.7300,39.6172
20.7400,39.5164
20.7500,39.4155
20.7600,39.3145
20.7700,39.2132
20.7800,39.1118
20.7900,39.0102
20.8000,38.9084
20.8100,38.8065
20.8200,38.7044
20.8300,38.6021
20.8400,38.4996
20.8500,38.3970
20.8600,38.2942
20.8700,38.1912
20.8800,38.0881
20.8900,37.9848
20.9000,37.8813
20.9100,37.7777
20.9200,37.6739
20.9300,37.5699
20.9400,37.4658
20.9500,37.3615
20.9600,37.2571
20.9700,37.1525
20.9800,37.0477
20.9900,36.9428
21.0000,36.9428
21.0100,37.0287
21.0200,37.1143
21.0300,37.1996
21.0400,37.2846
21.0500,37.3692
21.0600,37.4536
21.0700,37.5376
21.0800,37.6212
21.0900,37.7046
21.1000,37.7876
21.1100,37.8703
21.1200,37.9527
21.1300,38.0347
21.1400,38.1164
21.1500,38.1978
21.1600,38.2789
21.1700,38.3596
21.1800,38.4400
21.1900,38.5201
21.2000,38.5998
21.2100,38.6792
21.2200,38.7583
21.2300,38.8370
21.2400,38.9154
21.2500,38.9934
21.2600,39.0712
21.2700,39.1485
21.2800,39.2256
21.2900,39.3023
21.3000,39.3786
21.3100,39.4547
21.3200,39.5304
21.3300,39.6057
21.3400,39.6807
21.3500,39.7554
21.3600,39.8297
21.3700,39.9037
21.3800,39.9773
21.3900,40.0506
21.4000,40.1235
21.4100,40.1961
21.4200,40.2683
21.4300,40.3402
21.4400,40.4118
21.4500,40.4830
21.4600,40.5539
21.4700,40.6244
21.4800,40.6945
21.4900,40.7643
21.5000,40.8338
21.5100,40.9029
21.5200,40.9717
21.5300,41.0401
21.5400,41.1081
21.5500,41.1758
21.5600,41.2431
21.5700,41.3101
21.5800,41.3768
21.5900,41.4431
21.6000,41.5090
21.6100,41.5745
21.6200,41.6398
21.6300,41.7046
21.6400,41.7691
21.6500,41.8332
21.6600,41.8970
21.6700,41.9604
21.6800,42.0235
21.6900,42.0862
21.7000,42.1485
21.7100,42.2105
21.7200,42.2721
21.7300,42.3334
21.7400,42.3943
21.7500,42.4548
21.7600,42.5150
21.7700,42.5748
21.7800,42.6343
21.7900,42.6933
21.8000,42.7521
21.8100,42.8104
21.8200,42.8684
21.8300,42.9260
21.8400,42.9833
21.8500,43.0402
21.8600,43.0967
21.8700,43.1528
21.8800,43.2086
21.8900,43.2640
21.9000,43.3191
21.9100,43.3738
21.9200,43.4281
21.9300,43.4820
21.9400,43.5356
21.9500,43.5888
21.9600,43.6416
21.9700,43.6941
21.9800,43.7462
21.9900,43.7979
22.0000,43.8492
22.0100,43.9002
22.0200,43.9508
22.0300,44.0010
22.0400,44.0509
22.0500,44.1004
22.0600,44.1495
22.0700,44.1982
22.0800,44.2466
22.0900,44.2945
22.1000,44.3421
22.1100,44.3894
22.1200,44.4362
22.1300,44.4827
22.1400,44.5288
22.1500,44.5745
22.1600,44.6199
22.1700,44.6648
22.1800,44.7094
22.1900,44.7536
22.2000,44.7974
22.2100,44.8409
22.2200,44.8840
22.2300,44.9267
22.2400,44.9690
22.2500,45.0109
22.2600,45.0524
22.2700,45.0936
22.2800,45.1344
22.2900,45.1748
22.3000,45.2148
22.3100,45.2545
22.3200,45.2937
22.3300,45.3326
22.3400,45.3711
22.3500,45.4092
22.3600,45.4469
22.3700,45.4842
22.3800,45.5212
22.3900,45.5577
22.4000,45.5939
22.4100,45.6297
22.4200,45.6651
22.4300,45.7001
22.4400,45.7348
22.4500,45.7690
22.4600,45.8029
22.4700,45.8363
22.4800,45.8694
22.4900,45.9021
22.5000,45.9344
22.5100,45.9663
22.5200,45.9979
22.5300,46.0290
22.5400,46.0597
22.5500,46.0901
22.5600,46.1200
22.5700,46.1496
22.5800,46.1788
22.5900,46.2076
22.6000,46.2359
22.6100,46.2639
22.6200,46.2915
22.6300,46.3188
22.6400,46.3456
22.6500,46.3720
22.6600,46.3980
22.6700,46.4236
22.6800,46.4489
22.6900,46.4737
22.7000,46.4981
22.7100,46.5222
22.7200,46.5458
22.7300,46.5691
22.7400,46.5919
22.7500,46.6144
22.7600,46.6364
22.7700,46.6581
22.7800,46.6793
22.7900,46.7001
22.8000,46.7206
22.8100,46.7406
22.8200,46.7603
22.8300,46.7795
22.8400,46.7983
22.8500,46.8168
22.8600,46.8348
22.8700,46.8524
22.8800,46.8696
22.8900,46.8864
22.9000,46.9028
22.9100,46.9188
22.9200,46.9344
22.9300,46.9496
22.9400,46.9644
22.9500,46.9787
22.9600,46.9927
22.9700,47.0062
22.9800,47.0194
22.9900,47.0321
23.0000,47.0444
23.0100,47.0563
23.0200,47.0678
23.0300,47.0788
23.0400,47.0895
23.0500,47.0997
23.0600,47.1096
23.0700,47.1190
23.0800,47.1279
23.0900,47.1365
23.1000,47.1447
23.1100,47.1524
23.1200,47.1597
23.1300,47.1666
23.1400,47.1731
23.1500,47.1791
23.1600,47.1847
23.1700,47.1899
23.1800,47.1947
23.1900,47.1991
23.2000,47.2030
23.2100,47.2065
23.2200,47.2096
23.2300,47.2122
23.2400,47.2144
23.2500,47.2162
23.2600,47.2175
23.2700,47.2185
23.2800,47.2189
23.2900,47.2190
23.3000,47.2186
23.3100,47.2178
23.3200,47.2165
23.3300,47.2148
23.3400,47.2127
23.3500,47.2101
23.3600,47.2071
23.3700,47.2036
23.3800,47.1997
23.3900,47.1954
23.4000,47.1906
23.4100,47.1853
23.4200,47.1796
23.4300,47.1735
23.4400,47.1669
23.4500,47.1599
23.4600,47.1524
23.4700,47.1444
23.4800,47.1360
23.4900,47.1272
23.5000,47.1179
23.5100,47.1081
23.5200,47.0978
23.5300,47.0871
23.5400,47.0760
23.5500,47.0644
23.5600,47.0523
23.5700,47.0397
23.5800,47.0267
23.5900,47.0132
23.6000,46.9992
23.6100,46.9848
23.6200,46.9698
23.6300,46.9544
23.6400,46.9386
23.6500,46.9222
23.6600,46.9054
23.6700,46.8880
23.6800,46.8702
23.6900,46.8519
23.7000,46.8331
23.7100,46.8138
23.7200,46.7941
23.7300,46.7738
23.7400,46.7530
23.7500,46.7318
23.7600,46.7100
23.7700,46.6877
23.7800,46.6650
23.7900,46.6417
23.8000,46.6179
23.8100,46.5936
23.8200,46.5687
23.8300,46.5434
23.8400,46.5175
23.8500,46.4912
23.8600,46.4643
23.8700,46.4368
23.8800,46.4089
23.8900,46.3804
23.9000,46.3513
23.9100,46.3218
23.9200,46.2917
23.9300,46.2610
23.9400,46.2298
23.9500,46.1981
23.9600,46.1658
23.9700,46.1329
23.9800,46.0995
23.9900,46.0655
