0.0000,0.0000
0.0100,0.0000
0.0200,0.0000
0.0300,0.0000
0.0400,0.0000
0.0500,0.0000
0.0600,0.0000
0.0700,0.0000
0.0800,0.0000
0.0900,0.0000
0.1000,0.0000
0.1100,0.0000
0.1200,0.0000
0.1300,0.0000
0.1400,0.0000
0.1500,0.0000
0.1600,0.0000
0.1700,0.0000
0.1800,0.0000
0.1900,0.0000
0.2000,0.0000
0.2100,0.0000
0.2200,0.0000
0.2300,0.0000
0.2400,0.0000
0.2500,0.0000
0.2600,0.0000
0.2700,0.0000
0.2800,0.0000
0.2900,0.0000
0.3000,0.0000
0.3100,0.0000
0.3200,0.0000
0.3300,0.0000
0.3400,0.0000
0.3500,0.0000
0.3600,0.0000
0.3700,0.0000
0.3800,0.0000
0.3900,0.0000
0.4000,0.0000
0.4100,0.0000
0.4200,0.0000
0.4300,0.0000
0.4400,0.0000
0.4500,0.0000
0.4600,0.0000
0.4700,0.0000
0.4800,0.0000
0.4900,0.0000
0.5000,0.0000
0.5100,0.0000
0.5200,0.0000
0.5300,0.0000
0.5400,0.0000
0.5500,0.0000
0.5600,0.0000
0.5700,0.0000
0.5800,0.0000
0.5900,0.0000
0.6000,0.0000
0.6100,0.0000
0.6200,0.0000
0.6300,0.0000
0.6400,0.0000
0.6500,0.0000
0.6600,0.0000
0.6700,0.0000
0.6800,0.0000
0.6900,0.0000
0.7000,0.0000
0.7100,0.0000
0.7200,0.0000
0.7300,0.0000
0.7400,0.0000
0.7500,0.0000
0.7600,0.0000
0.7700,0.0000
0.7800,0.0000
0.7900,0.0000
0.8000,0.0000
0.8100,0.0000
0.8200,0.0000
0.8300,0.0000
0.8400,0.0000
0.8500,0.0000
0.8600,0.0000
0.8700,0.0000
0.8800,0.0000
0.8900,0.0000
0.9000,0.0000
0.9100,0.0000
0.9200,0.0000
0.9300,0.0000
0.9400,0.0000
0.9500,0.0000
0.9600,0.0000
0.9700,0.0000
0.9800,0.0000
0.9900,0.0000
1.0000,0.0000
1.0100,0.0000
1.0200,0.0000
1.0300,0.0000
1.0400,0.0000
1.0500,0.0000
1.0600,0.0000
1.0700,0.0000
1.0800,0.0000
1.0900,0.0000
1.1000,0.0000
1.1100,0.0000
1.1200,0.0000
1.1300,0.0000
1.1400,0.0000
1.1500,0.0000
1.1600,0.0000
1.1700,0.0000
1.1800,0.0000
1.1900,0.0000
1.2000,0.0000
1.2100,0.0000
1.2200,0.0000
1.2300,0.0000
1.2400,0.0000
1.2500,0.0000
1.2600,0.0000
1.2700,0.0000
1.2800,0.0000
1.2900,0.0000
1.3000,0.0000
1.3100,0.0000
1.3200,0.0000
1.3300,0.0000
1.3400,0.0000
1.3500,0.0000
1.3600,0.0000
1.3700,0.0000
1.3800,0.0000
1.3900,0.0000
1.4000,0.0000
1.4100,0.0000
1.4200,0.0000
1.4300,0.0000
1.4400,0.0000
1.4500,0.0000
1.4600,0.0000
1.4700,0.0000
1.4800,0.0000
1.4900,0.0000
1.5000,0.0000
1.5100,0.0000
1.5200,0.0000
1.5300,0.0000
1.5400,0.0000
1.5500,0.0000
1.5600,0.0000
1.5700,0.0000
1.5800,0.0000
1.5900,0.0000
1.6000,0.0000
1.6100,0.0000
1.6200,0.0000
1.6300,0.0000
1.6400,0.0000
1.6500,0.0000
1.6600,0.0000
1.6700,0.0000
1.6800,0.0000
1.6900,0.0000
1.7000,0.0000
1.7100,0.0000
1.7200,0.0000
1.7300,0.0000
1.7400,0.0000
1.7500,0.0000
1.7600,0.0000
1.7700,0.0000
1.7800,0.0000
1.7900,0.0000
1.8000,0.0000
1.8100,0.0000
1.8200,0.0000
1.8300,0.0000
1.8400,0.0000
1.8500,0.0000
1.8600,0.0000
1.8700,0.0000
1.8800,0.0000
1.8900,0.0000
1.9000,0.0000
1.9100,0.0000
1.9200,0.0000
1.9300,0.0000
1.9400,0.0000
1.9500,0.0000
1.9600,0.0000
1.9700,0.0000
1.9800,0.0000
1.9900,0.0000
2.0000,0.0000
2.0100,0.0000
2.0200,0.0000
2.0300,0.0000
2.0400,0.0000
2.0500,0.0000
2.0600,0.0000
2.0700,0.0000
2.0800,0.0000
2.0900,0.0000
2.1000,0.0000
2.1100,0.0000
2.1200,0.0000
2.1300,0.0000
2.1400,0.0000
2.1500,0.0000
2.1600,0.0000
2.1700,0.0000
2.1800,0.0000
2.1900,0.0000
2.2000,0.0000
2.2100,0.0000
2.2200,0.0000
2.2300,0.0000
2.2400,0.0000
2.2500,0.0000
2.2600,0.0000
2.2700,0.0000
2.2800,0.0000
2.2900,0.0000
2.3000,0.0000
2.3100,0.0000
2.3200,0.0000
2.3300,0.0000
2.3400,0.0000
2.3500,0.0000
2.3600,0.0000
2.3700,0.0000
2.3800,0.0000
2.3900,0.0000
2.4000,0.0000
2.4100,0.0000
2.4200,0.0000
2.4300,0.0000
2.4400,0.0000
2.4500,0.0000
2.4600,0.0000
2.4700,0.0000
2.4800,0.0000
2.4900,0.0000
2.5000,0.0000
2.5100,0.0000
2.5200,0.0000
2.5300,0.0000
2.5400,0.0000
2.5500,0.0000
2.5600,0.0000
2.5700,0.0000
2.5800,0.0000
2.5900,0.0000
2.6000,0.0000
2.6100,0.0000
2.6200,0.0000
2.6300,0.0000
2.6400,0.0000
2.6500,0.0000
2.6600,0.0000
2.6700,0.0000
2.6800,0.0000
2.6900,0.0000
2.7000,0.0000
2.7100,0.0000
2.7200,0.0000
2.7300,0.0000
2.7400,0.0000
2.7500,0.0000
2.7600,0.0000
2.7700,0.0000
2.7800,0.0000
2.7900,0.0000
2.8000,0.0000
2.8100,0.0000
2.8200,0.0000
2.8300,0.0000
2.8400,0.0000
2.8500,0.0000
2.8600,0.0000
2.8700,0.0000
2.8800,0.0000
2.8900,0.0000
2.9000,0.0000
2.9100,0.0000
2.9200,0.0000
2.9300,0.0000
2.9400,0.0000
2.9500,0.0000
2.9600,0.0000
2.9700,0.0000
2.9800,0.0000
2.9900,-0.0000
3.0000,-0.0000
3.0100,-0.0000
3.0200,-0.0000
3.0300,-0.0000
3.0400,-0.0000
3.0500,-0.0000
3.0600,-0.0000
3.0700,-0.0000
3.0800,-0.0000
3.0900,-0.0000
3.1000,-0.0000
3.1100,-0.0000
3.1200,-0.0000
3.1300,-0.0000
3.1400,-0.0000
3.1500,-0.0000
3.1600,-0.0000
3.1700,-0.0000
3.1800,-0.0000
3.1900,-0.0000
3.2000,-0.0000
3.2100,-0.0000
3.2200,-0.0000
3.2300,-0.0000
3.2400,-0.0000
3.2500,-0.0000
3.2600,-0.0000
3.2700,-0.0000
3.2800,-0.0000
3.2900,-0.0000
3.3000,-0.0000
3.3100,-0.0000
3.3200,-0.0000
3.3300,-0.0000
3.3400,-0.0000
3.3500,-0.0000
3.3600,-0.0000
3.3700,-0.0000
3.3800,-0.0000
3.3900,-0.0000
3.4000,-0.0000
3.4100,-0.0000
3.4200,-0.0000
3.4300,-0.0000
3.4400,-0.0000
3.4500,-0.0000
3.4600,-0.0000
3.4700,-0.0000
3.4800,-0.0000
3.4900,-0.0000
3.5000,-0.0000
3.5100,-0.0000
3.5200,-0.0000
3.5300,-0.0000
3.5400,-0.0000
3.5500,-0.0000
3.5600,-0.0000
3.5700,-0.0000
3.5800,-0.0000
3.5900,-0.0000
3.6000,-0.0000
3.6100,-0.0000
3.6200,-0.0000
3.6300,-0.0000
3.6400,-0.0000
3.6500,-0.0000
3.6600,-0.0000
3.6700,-0.0000
3.6800,-0.0000
3.6900,-0.0000
3.7000,-0.0000
3.7100,-0.0000
3.7200,-0.0000
3.7300,-0.0000
3.7400,-0.0000
3.7500,-0.0000
3.7600,-0.0000
3.7700,-0.0000
3.7800,-0.0000
3.7900,-0.0000
3.8000,-0.0000
3.8100,-0.0000
3.8200,-0.0000
3.8300,-0.0000
3.8400,-0.0000
3.8500,-0.0000
3.8600,-0.0000
3.8700,-0.0000
3.8800,-0.0000
3.8900,-0.0000
3.9000,-0.0000
3.9100,-0.0000
3.9200,-0.0000
3.9300,-0.0000
3.9400,-0.0000
3.9500,-0.0000
3.9600,-0.0000
3.9700,-0.0000
3.9800,-0.0000
3.9900,-0.0000
4.0000,-0.0000
4.0100,-0.0000
4.0200,-0.0000
4.0300,-0.0000
4.0400,-0.0000
4.0500,-0.0000
4.0600,-0.0000
4.0700,-0.0000
4.0800,-0.0000
4.0900,-0.0000
4.1000,-0.0000
4.1100,-0.0000
4.1200,-0.0000
4.1300,-0.0000
4.1400,-0.0000
4.1500,-0.0000
4.1600,-0.0000
4.1700,-0.0000
4.1800,-0.0000
4.1900,-0.0000
4.2000,-0.0000
4.2100,-0.0000
4.2200,-0.0000
4.2300,-0.0000
4.2400,-0.0000
4.2500,-0.0000
4.2600,-0.0000
4.2700,-0.0000
4.2800,-0.0000
4.2900,-0.0000
4.3000,-0.0000
4.3100,-0.0000
4.3200,-0.0000
4.3300,-0.0000
4.3400,-0.0000
4.3500,-0.0000
4.3600,-0.0000
4.3700,-0.0000
4.3800,-0.0000
4.3900,-0.0000
4.4000,-0.0000
4.4100,-0.0000
4.4200,-0.0000
4.4300,-0.0000
4.4400,-0.0000
4.4500,-0.0000
4.4600,-0.0000
4.4700,-0.0000
4.4800,-0.0000
4.4900,-0.0000
4.5000,-0.0000
4.5100,-0.0000
4.5200,-0.0000
4.5300,-0.0000
4.5400,-0.0000
4.5500,-0.0000
4.5600,-0.0000
4.5700,-0.0000
4.5800,-0.0000
4.5900,-0.0000
4.6000,-0.0000
4.6100,-0.0000
4.6200,-0.0000
4.6300,-0.0000
4.6400,-0.0000
4.6500,-0.0000
4.6600,-0.0000
4.6700,-0.0000
4.6800,-0.0000
4.6900,-0.0000
4.7000,-0.0000
4.7100,-0.0000
4.7200,-0.0000
4.7300,-0.0000
4.7400,-0.0000
4.7500,-0.0000
4.7600,-0.0000
4.7700,-0.0000
4.7800,-0.0000
4.7900,-0.0000
4.8000,-0.0000
4.8100,-0.0000
4.8200,-0.0000
4.8300,-0.0000
4.8400,-0.0000
4.8500,-0.0000
4.8600,-0.0000
4.8700,-0.0000
4.8800,-0.0000
4.8900,-0.0000
4.9000,-0.0000
4.9100,-0.0000
4.9200,-0.0000
4.9300,-0.0000
4.9400,-0.0000
4.9500,-0.0000
4.9600,-0.0000
4.9700,-0.0000
4.9800,-0.0000
4.9900,-0.0000
5.0000,-0.0000
5.0100,-0.0000
5.0200,-0.0000
5.0300,-0.0000
5.0400,-0.0000
5.0500,-0.0000
5.0600,-0.0000
5.0700,-0.0000
5.0800,-0.0000
5.0900,-0.0000
5.1000,-0.0000
5.1100,-0.0000
5.1200,-0.0000
5.1300,-0.0000
5.1400,-0.0000
5.1500,-0.0000
5.1600,-0.0000
5.1700,-0.0000
5.1800,-0.0000
5.1900,-0.0000
5.2000,-0.0000
5.2100,-0.0000
5.2200,-0.0000
5.2300,-0.0000
5.2400,-0.0000
5.2500,-0.0000
5.2600,-0.0000
5.2700,-0.0000
5.2800,-0.0000
5.2900,-0.0000
5.3000,-0.0000
5.3100,-0.0000
5.3200,-0.0000
5.3300,-0.0000
5.3400,-0.0000
5.3500,-0.0000
5.3600,-0.0000
5.3700,-0.0000
5.3800,-0.0000
5.3900,-0.0000
5.4000,-0.0000
5.4100,-0.0000
5.4200,-0.0000
5.4300,-0.0000
5.4400,-0.0000
5.4500,-0.0000
5.4600,-0.0000
5.4700,-0.0000
5.4800,-0.0000
5.4900,-0.0000
5.5000,-0.0000
5.5100,-0.0000
5.5200,-0.0000
5.5300,-0.0000
5.5400,-0.0000
5.5500,-0.0000
5.5600,-0.0000
5.5700,-0.0000
5.5800,-0.0000
5.5900,-0.0000
5.6000,-0.0000
5.6100,-0.0000
5.6200,-0.0000
5.6300,-0.0000
5.6400,-0.0000
5.6500,-0.0000
5.6600,-0.0000
5.6700,-0.0000
5.6800,-0.0000
5.6900,-0.0000
5.7000,-0.0000
5.7100,-0.0000
5.7200,-0.0000
5.7300,-0.0000
5.7400,-0.0000
5.7500,-0.0000
5.7600,-0.0000
5.7700,-0.0000
5.7800,-0.0000
5.7900,-0.0000
5.8000,-0.0000
5.8100,-0.0000
5.8200,-0.0000
5.8300,-0.0000
5.8400,-0.0000
5.8500,-0.0000
5.8600,-0.0000
5.8700,-0.0000
5.8800,-0.0000
5.8900,-0.0000
5.9000,-0.0000
5.9100,-0.0000
5.9200,-0.0000
5.9300,-0.0000
5.9400,-0.0000
5.9500,-0.0000
5.9600,-0.0000
5.9700,-0.0000
5.9800,-0.0000
5.9900,-0.0000
6.0000,-0.0000
6.0100,-0.0000
6.0200,-0.0000
6.0300,-0.0000
6.0400,-0.0000
6.0500,-0.0000
6.0600,-0.0000
6.0700,-0.0000
6.0800,-0.0000
6.0900,-0.0000
6.1000,-0.0000
6.1100,-0.0000
6.1200,-0.0000
6.1300,-0.0000
6.1400,-0.0000
6.1500,-0.0000
6.1600,-0.0000
6.1700,-0.0000
6.1800,-0.0000
6.1900,-0.0000
6.2000,-0.0000
6.2100,-0.0000
6.2200,-0.0000
6.2300,-0.0000
6.2400,-0.0000
6.2500,-0.0000
6.2600,-0.0000
6.2700,-0.0000
6.2800,-0.0000
6.2900,-0.0000
6.3000,-0.0000
6.3100,-0.0000
6.3200,-0.0000
6.3300,-0.0000
6.3400,-0.0000
6.3500,-0.0000
6.3600,-0.0000
6.3700,-0.0000
6.3800,-0.0000
6.3900,-0.0000
6.4000,-0.0000
6.4100,-0.0000
6.4200,-0.0000
6.4300,-0.0000
6.4400,-0.0000
6.4500,-0.0000
6.4600,-0.0000
6.4700,-0.0000
6.4800,-0.0000
6.4900,-0.0000
6.5000,-0.0000
6.5100,-0.0000
6.5200,-0.0000
6.5300,-0.0000
6.5400,-0.0000
6.5500,-0.0000
6.5600,-0.0000
6.5700,-0.0000
6.5800,-0.0000
6.5900,-0.0000
6.6000,-0.0000
6.6100,-0.0000
6.6200,-0.0000
6.6300,-0.0000
6.6400,-0.0000
6.6500,-0.0000
6.6600,-0.0000
6.6700,-0.0000
6.6800,-0.0000
6.6900,-0.0000
6.7000,-0.0000
6.7100,-0.0000
6.7200,-0.0000
6.7300,-0.0000
6.7400,-0.0000
6.7500,-0.0000
6.7600,-0.0000
6.7700,-0.0000
6.7800,-0.0000
6.7900,-0.0000
6.8000,-0.0000
6.8100,-0.0000
6.8200,-0.0000
6.8300,-0.0000
6.8400,-0.0000
6.8500,-0.0000
6.8600,-0.0000
6.8700,-0.0000
6.8800,-0.0000
6.8900,-0.0000
6.9000,-0.0000
6.9100,-0.0000
6.9200,-0.0000
6.9300,-0.0000
6.9400,-0.0000
6.9500,-0.0000
6.9600,-0.0000
6.9700,-0.0000
6.9800,-0.0000
6.9900,-180.0000
7.0000,-180.0000
7.0100,-179.5477
7.0200,-179.0955
7.0300,-178.6432
7.0400,-178.1910
7.0500,-177.7387
7.0600,-177.2864
7.0700,-176.8342
7.0800,-176.3819
7.0900,-175.9296
7.1000,-175.4774
7.1100,-175.0251
7.1200,-174.5729
7.1300,-174.1206
7.1400,-173.6683
7.1500,-173.2161
7.1600,-172.7638
7.1700,-172.3116
7.1800,-171.8593
7.1900,-171.4070
7.2000,-170.9548
7.2100,-170.5025
7.2200,-170.0503
7.2300,-169.5980
7.2400,-169.1457
7.2500,-168.6935
7.2600,-168.2412
7.2700,-167.7889
7.2800,-167.3367
7.2900,-166.8844
7.3000,-166.4322
7.3100,-165.9799
7.3200,-165.5276
7.3300,-165.0754
7.3400,-164.6231
7.3500,-164.1709
7.3600,-163.7186
7.3700,-163.2663
7.3800,-162.8141
7.3900,-162.3618
7.4000,-161.9095
7.4100,-161.4573
7.4200,-161.0050
7.4300,-160.5528
7.4400,-160.1005
7.4500,-159.6482
7.4600,-159.1960
7.4700,-158.7437
7.4800,-158.2915
7.4900,-157.8392
7.5000,-157.3869
7.5100,-156.9347
7.5200,-156.4824
7.5300,-156.0302
7.5400,-155.5779
7.5500,-155.1256
7.5600,-154.6734
7.5700,-154.2211
7.5800,-153.7688
7.5900,-153.3166
7.6000,-152.8643
7.6100,-152.4121
7.6200,-151.9598
7.6300,-151.5075
7.6400,-151.0553
7.6500,-150.6030
7.6600,-150.1508
7.6700,-149.6985
7.6800,-149.2462
7.6900,-148.7940
7.7000,-148.3417
7.7100,-147.8894
7.7200,-147.4372
7.7300,-146.9849
7.7400,-146.5327
7.7500,-146.0804
7.7600,-145.6281
7.7700,-145.1759
7.7800,-144.7236
7.7900,-144.2714
7.8000,-143.8191
7.8100,-143.3668
7.8200,-142.9146
7.8300,-142.4623
7.8400,-142.0101
7.8500,-141.5578
7.8600,-141.1055
7.8700,-140.6533
7.8800,-140.2010
7.8900,-139.7487
7.9000,-139.2965
7.9100,-138.8442
7.9200,-138.3920
7.9300,-137.9397
7.9400,-137.4874
7.9500,-137.0352
7.9600,-136.5829
7.9700,-136.1307
7.9800,-135.6784
7.9900,-135.2261
8.0000,-134.7739
8.0100,-134.3216
8.0200,-133.8693
8.0300,-133.4171
8.0400,-132.9648
8.0500,-132.5126
8.0600,-132.0603
8.0700,-131.6080
8.0800,-131.1558
8.0900,-130.7035
8.1000,-130.2513
8.1100,-129.7990
8.1200,-129.3467
8.1300,-128.8945
8.1400,-128.4422
8.1500,-127.9899
8.1600,-127.5377
8.1700,-127.0854
8.1800,-126.6332
8.1900,-126.1809
8.2000,-125.7286
8.2100,-125.2764
8.2200,-124.8241
8.2300,-124.3719
8.2400,-123.9196
8.2500,-123.4673
8.2600,-123.0151
8.2700,-122.5628
8.2800,-122.1106
8.2900,-121.6583
8.3000,-121.2060
8.3100,-120.7538
8.3200,-120.3015
8.3300,-119.8492
8.3400,-119.3970
8.3500,-118.9447
8.3600,-118.4925
8.3700,-118.0402
8.3800,-117.5879
8.3900,-117.1357
8.4000,-116.6834
8.4100,-116.2312
8.4200,-115.7789
8.4300,-115.3266
8.4400,-114.8744
8.4500,-114.4221
8.4600,-113.9698
8.4700,-113.5176
8.4800,-113.0653
8.4900,-112.6131
8.5000,-112.1608
8.5100,-111.7085
8.5200,-111.2563
8.5300,-110.8040
8.5400,-110.3518
8.5500,-109.8995
8.5600,-109.4472
8.5700,-108.9950
8.5800,-108.5427
8.5900,-108.0905
8.6000,-107.6382
8.6100,-107.1859
8.6200,-106.7337
8.6300,-106.2814
8.6400,-105.8291
8.6500,-105.3769
8.6600,-104.9246
8.6700,-104.4724
8.6800,-104.0201
8.6900,-103.5678
8.7000,-103.1156
8.7100,-102.6633
8.7200,-102.2111
8.7300,-101.7588
8.7400,-101.3065
8.7500,-100.8543
8.7600,-100.4020
8.7700,-99.9497
8.7800,-99.4975
8.7900,-99.0452
8.8000,-98.5930
8.8100,-98.1407
8.8200,-97.6884
8.8300,-97.2362
8.8400,-96.7839
8.8500,-96.3317
8.8600,-95.8794
8.8700,-95.4271
8.8800,-94.9749
8.8900,-94.5226
8.9000,-94.0704
8.9100,-93.6181
8.9200,-93.1658
8.9300,-92.7136
8.9400,-92.2613
8.9500,-91.8090
8.9600,-91.3568
8.9700,-90.9045
8.9800,-90.4523
8.9900,-90.0000
9.0000,-90.0000
9.0100,-90.0000
9.0200,-90.0000
9.0300,-90.0000
9.0400,-90.0000
9.0500,-90.0000
9.0600,-90.0000
9.0700,-90.0000
9.0800,-90.0000
9.0900,-90.0000
9.1000,-90.0000
9.1100,-90.0000
9.1200,-90.0000
9.1300,-90.0000
9.1400,-90.0000
9.1500,-90.0000
9.1600,-90.0000
9.1700,-90.0000
9.1800,-90.0000
9.1900,-90.0000
9.2000,-90.0000
9.2100,-90.0000
9.2200,-90.0000
9.2300,-90.0000
9.2400,-90.0000
9.2500,-90.0000
9.2600,-90.0000
9.2700,-90.0000
9.2800,-90.0000
9.2900,-90.0000
9.3000,-90.0000
9.3100,-90.0000
9.3200,-90.0000
9.3300,-90.0000
9.3400,-90.0000
9.3500,-90.0000
9.3600,-90.0000
9.3700,-90.0000
9.3800,-90.0000
9.3900,-90.0000
9.4000,-90.0000
9.4100,-90.0000
9.4200,-90.0000
9.4300,-90.0000
9.4400,-90.0000
9.4500,-90.0000
9.4600,-90.0000
9.4700,-90.0000
9.4800,-90.0000
9.4900,-90.0000
9.5000,-90.0000
9.5100,-90.0000
9.5200,-90.0000
9.5300,-90.0000
9.5400,-90.0000
9.5500,-90.0000
9.5600,-90.0000
9.5700,-90.0000
9.5800,-90.0000
9.5900,-90.0000
9.6000,-90.0000
9.6100,-90.0000
9.6200,-90.0000
9.6300,-90.0000
9.6400,-90.0000
9.6500,-90.0000
9.6600,-90.0000
9.6700,-90.0000
9.6800,-90.0000
9.6900,-90.0000
9.7000,-90.0000
9.7100,-90.0000
9.7200,-90.0000
9.7300,-90.0000
9.7400,-90.0000
9.7500,-90.0000
9.7600,-90.0000
9.7700,-90.0000
9.7800,-90.0000
9.7900,-90.0000
9.8000,-90.0000
9.8100,-90.0000
9.8200,-90.0000
9.8300,-90.0000
9.8400,-90.0000
9.8500,-90.0000
9.8600,-90.0000
9.8700,-90.0000
9.8800,-90.0000
9.8900,-90.0000
9.9000,-90.0000
9.9100,-90.0000
9.9200,-90.0000
9.9300,-90.0000
9.9400,-90.0000
9.9500,-90.0000
9.9600,-90.0000
9.9700,-90.0000
9.9800,-90.0000
9.9900,-90.0000
10.0000,-90.0000
10.0100,-90.0000
10.0200,-90.0000
10.0300,-90.0000
10.0400,-90.0000
10.0500,-90.0000
10.0600,-90.0000
10.0700,-90.0000
10.0800,-90.0000
10.0900,-90.0000
10.1000,-90.0000
10.1100,-90.0000
10.1200,-90.0000
10.1300,-90.0000
10.1400,-90.0000
10.1500,-90.0000
10.1600,-90.0000
10.1700,-90.0000
10.1800,-90.0000
10.1900,-90.0000
10.2000,-90.0000
10.2100,-90.0000
10.2200,-90.0000
10.2300,-90.0000
10.2400,-90.0000
10.2500,-90.0000
10.2600,-90.0000
10.2700,-90.0000
10.2800,-90.0000
10.2900,-90.0000
10.3000,-90.0000
10.3100,-90.0000
10.3200,-90.0000
10.3300,-90.0000
10.3400,-90.0000
10.3500,-90.0000
10.3600,-90.0000
10.3700,-90.0000
10.3800,-90.0000
10.3900,-90.0000
10.4000,-90.0000
10.4100,-90.0000
10.4200,-90.0000
10.4300,-90.0000
10.4400,-90.0000
10.4500,-90.0000
10.4600,-90.0000
10.4700,-90.0000
10.4800,-90.0000
10.4900,-90.0000
10.5000,-90.0000
10.5100,-90.0000
10.5200,-90.0000
10.5300,-90.0000
10.5400,-90.0000
10.5500,-90.0000
10.5600,-90.0000
10.5700,-90.0000
10.5800,-90.0000
10.5900,-90.0000
10.6000,-90.0000
10.6100,-90.0000
10.6200,-90.0000
10.6300,-90.0000
10.6400,-90.0000
10.6500,-90.0000
10.6600,-90.0000
10.6700,-90.0000
10.6800,-90.0000
10.6900,-90.0000
10.7000,-90.0000
10.7100,-90.0000
10.7200,-90.0000
10.7300,-90.0000
10.7400,-90.0000
10.7500,-90.0000
10.7600,-90.0000
10.7700,-90.0000
10.7800,-90.0000
10.7900,-90.0000
10.8000,-90.0000
10.8100,-90.0000
10.8200,-90.0000
10.8300,-90.0000
10.8400,-90.0000
10.8500,-90.0000
10.8600,-90.0000
10.8700,-90.0000
10.8800,-90.0000
10.8900,-90.0000
10.9000,-90.0000
10.9100,-90.0000
10.9200,-90.0000
10.9300,-90.0000
10.9400,-90.0000
10.9500,-90.0000
10.9600,-90.0000
10.9700,-90.0000
10.9800,-90.0000
10.9900,-90.0000
11.0000,-90.0000
11.0100,-90.0000
11.0200,-90.0000
11.0300,-90.0000
11.0400,-90.0000
11.0500,-90.0000
11.0600,-90.0000
11.0700,-90.0000
11.0800,-90.0000
11.0900,-90.0000
11.1000,-90.0000
11.1100,-90.0000
11.1200,-90.0000
11.1300,-90.0000
11.1400,-90.0000
11.1500,-90.0000
11.1600,-90.0000
11.1700,-90.0000
11.1800,-90.0000
11.1900,-90.0000
11.2000,-90.0000
11.2100,-90.0000
11.2200,-90.0000
11.2300,-90.0000
11.2400,-90.0000
11.2500,-90.0000
11.2600,-90.0000
11.2700,-90.0000
11.2800,-90.0000
11.2900,-90.0000
11.3000,-90.0000
11.3100,-90.0000
11.3200,-90.0000
11.3300,-90.0000
11.3400,-90.0000
11.3500,-90.0000
11.3600,-90.0000
11.3700,-90.0000
11.3800,-90.0000
11.3900,-90.0000
11.4000,-90.0000
11.4100,-90.0000
11.4200,-90.0000
11.4300,-90.0000
11.4400,-90.0000
11.4500,-90.0000
11.4600,-90.0000
11.4700,-90.0000
11.4800,-90.0000
11.4900,-90.0000
11.5000,-90.0000
11.5100,-90.0000
11.5200,-90.0000
11.5300,-90.0000
11.5400,-90.0000
11.5500,-90.0000
11.5600,-90.0000
11.5700,-90.0000
11.5800,-90.0000
11.5900,-90.0000
11.6000,-90.0000
11.6100,-90.0000
11.6200,-90.0000
11.6300,-90.0000
11.6400,-90.0000
11.6500,-90.0000
11.6600,-90.0000
11.6700,-90.0000
11.6800,-90.0000
11.6900,-90.0000
11.7000,-90.0000
11.7100,-90.0000
11.7200,-90.0000
11.7300,-90.0000
11.7400,-90.0000
11.7500,-90.0000
11.7600,-90.0000
11.7700,-90.0000
11.7800,-90.0000
11.7900,-90.0000
11.8000,-90.0000
11.8100,-90.0000
11.8200,-90.0000
11.8300,-90.0000
11.8400,-90.0000
11.8500,-90.0000
11.8600,-90.0000
11.8700,-90.0000
11.8800,-90.0000
11.8900,-90.0000
11.9000,-90.0000
11.9100,-90.0000
11.9200,-90.0000
11.9300,-90.0000
11.9400,-90.0000
11.9500,-90.0000
11.9600,-90.0000
11.9700,-90.0000
11.9800,-90.0000
11.9900,-90.0000
12.0000,-90.0000
12.0100,-90.0000
12.0200,-90.0000
12.0300,-90.0000
12.0400,-90.0000
12.0500,-90.0000
12.0600,-90.0000
12.0700,-90.0000
12.0800,-90.0000
12.0900,-90.0000
12.1000,-90.0000
12.1100,-90.0000
12.1200,-90.0000
12.1300,-90.0000
12.1400,-90.0000
12.1500,-90.0000
12.1600,-90.0000
12.1700,-90.0000
12.1800,-90.0000
12.1900,-90.0000
12.2000,-90.0000
12.2100,-90.0000
12.2200,-90.0000
12.2300,-90.0000
12.2400,-90.0000
12.2500,-90.0000
12.2600,-90.0000
12.2700,-90.0000
12.2800,-90.0000
12.2900,-90.0000
12.3000,-90.0000
12.3100,-90.0000
12.3200,-90.0000
12.3300,-90.0000
12.3400,-90.0000
12.3500,-90.0000
12.3600,-90.0000
12.3700,-90.0000
12.3800,-90.0000
12.3900,-90.0000
12.4000,-90.0000
12.4100,-90.0000
12.4200,-90.0000
12.4300,-90.0000
12.4400,-90.0000
12.4500,-90.0000
12.4600,-90.0000
12.4700,-90.0000
12.4800,-90.0000
12.4900,-90.0000
12.5000,-90.0000
12.5100,-90.0000
12.5200,-90.0000
12.5300,-90.0000
12.5400,-90.0000
12.5500,-90.0000
12.5600,-90.0000
12.5700,-90.0000
12.5800,-90.0000
12.5900,-90.0000
12.6000,-90.0000
12.6100,-90.0000
12.6200,-90.0000
12.6300,-90.0000
12.6400,-90.0000
12.6500,-90.0000
12.6600,-90.0000
12.6700,-90.0000
12.6800,-90.0000
12.6900,-90.0000
12.7000,-90.0000
12.7100,-90.0000
12.7200,-90.0000
12.7300,-90.0000
12.7400,-90.0000
12.7500,-90.0000
12.7600,-90.0000
12.7700,-90.0000
12.7800,-90.0000
12.7900,-90.0000
12.8000,-90.0000
12.8100,-90.0000
12.8200,-90.0000
12.8300,-90.0000
12.8400,-90.0000
12.8500,-90.0000
12.8600,-90.0000
12.8700,-90.0000
12.8800,-90.0000
12.8900,-90.0000
12.9000,-90.0000
12.9100,-90.0000
12.9200,-90.0000
12.9300,-90.0000
12.9400,-90.0000
12.9500,-90.0000
12.9600,-90.0000
12.9700,-90.0000
12.9800,-90.0000
12.9900,-90.0000
13.0000,-90.0000
13.0100,-90.0000
13.0200,-90.0000
13.0300,-90.0000
13.0400,-90.0000
13.0500,-90.0000
13.0600,-90.0000
13.0700,-90.0000
13.0800,-90.0000
13.0900,-90.0000
13.1000,-90.0000
13.1100,-90.0000
13.1200,-90.0000
13.1300,-90.0000
13.1400,-90.0000
13.1500,-90.0000
13.1600,-90.0000
13.1700,-90.0000
13.1800,-90.0000
13.1900,-90.0000
13.2000,-90.0000
13.2100,-90.0000
13.2200,-90.0000
13.2300,-90.0000
13.2400,-90.0000
13.2500,-90.0000
13.2600,-90.0000
13.2700,-90.0000
13.2800,-90.0000
13.2900,-90.0000
13.3000,-90.0000
13.3100,-90.0000
13.3200,-90.0000
13.3300,-90.0000
13.3400,-90.0000
13.3500,-90.0000
13.3600,-90.0000
13.3700,-90.0000
13.3800,-90.0000
13.3900,-90.0000
13.4000,-90.0000
13.4100,-90.0000
13.4200,-90.0000
13.4300,-90.0000
13.4400,-90.0000
13.4500,-90.0000
13.4600,-90.0000
13.4700,-90.0000
13.4800,-90.0000
13.4900,-90.0000
13.5000,-90.0000
13.5100,-90.0000
13.5200,-90.0000
13.5300,-90.0000
13.5400,-90.0000
13.5500,-90.0000
13.5600,-90.0000
13.5700,-90.0000
13.5800,-90.0000
13.5900,-90.0000
13.6000,-90.0000
13.6100,-90.0000
13.6200,-90.0000
13.6300,-90.0000
13.6400,-90.0000
13.6500,-90.0000
13.6600,-90.0000
13.6700,-90.0000
13.6800,-90.0000
13.6900,-90.0000
13.7000,-90.0000
13.7100,-90.0000
13.7200,-90.0000
13.7300,-90.0000
13.7400,-90.0000
13.7500,-90.0000
13.7600,-90.0000
13.7700,-90.0000
13.7800,-90.0000
13.7900,-90.0000
13.8000,-90.0000
13.8100,-90.0000
13.8200,-90.0000
13.8300,-90.0000
13.8400,-90.0000
13.8500,-90.0000
13.8600,-90.0000
13.8700,-90.0000
13.8800,-90.0000
13.8900,-90.0000
13.9000,-90.0000
13.9100,-90.0000
13.9200,-90.0000
13.9300,-90.0000
13.9400,-90.0000
13.9500,-90.0000
13.9600,-90.0000
13.9700,-90.0000
13.9800,-90.0000
13.9900,-90.0000
14.0000,-90.0000
14.0100,-90.0000
14.0200,-90.0000
14.0300,-90.0000
14.0400,-90.0000
14.0500,-90.0000
14.0600,-90.0000
14.0700,-90.0000
14.0800,-90.0000
14.0900,-90.0000
14.1000,-90.0000
14.1100,-90.0000
14.1200,-90.0000
14.1300,-90.0000
14.1400,-90.0000
14.1500,-90.0000
14.1600,-90.0000
14.1700,-90.0000
14.1800,-90.0000
14.1900,-90.0000
14.2000,-90.0000
14.2100,-90.0000
14.2200,-90.0000
14.2300,-90.0000
14.2400,-90.0000
14.2500,-90.0000
14.2600,-90.0000
14.2700,-90.0000
14.2800,-90.0000
14.2900,-90.0000
14.3000,-90.0000
14.3100,-90.0000
14.3200,-90.0000
14.3300,-90.0000
14.3400,-90.0000
14.3500,-90.0000
14.3600,-90.0000
14.3700,-90.0000
14.3800,-90.0000
14.3900,-90.0000
14.4000,-90.0000
14.4100,-90.0000
14.4200,-90.0000
14.4300,-90.0000
14.4400,-90.0000
14.4500,-90.0000
14.4600,-90.0000
14.4700,-90.0000
14.4800,-90.0000
14.4900,-90.0000
14.5000,-90.0000
14.5100,-90.0000
14.5200,-90.0000
14.5300,-90.0000
14.5400,-90.0000
14.5500,-90.0000
14.5600,-90.0000
14.5700,-90.0000
14.5800,-90.0000
14.5900,-90.0000
14.6000,-90.0000
14.6100,-90.0000
14.6200,-90.0000
14.6300,-90.0000
14.6400,-90.0000
14.6500,-90.0000
14.6600,-90.0000
14.6700,-90.0000
14.6800,-90.0000
14.6900,-90.0000
14.7000,-90.0000
14.7100,-90.0000
14.7200,-90.0000
14.7300,-90.0000
14.7400,-90.0000
14.7500,-90.0000
14.7600,-90.0000
14.7700,-90.0000
14.7800,-90.0000
14.7900,-90.0000
14.8000,-90.0000
14.8100,-90.0000
14.8200,-90.0000
14.8300,-90.0000
14.8400,-90.0000
14.8500,-90.0000
14.8600,-90.0000
14.8700,-90.0000
14.8800,-90.0000
14.8900,-90.0000
14.9000,-90.0000
14.9100,-90.0000
14.9200,-90.0000
14.9300,-90.0000
14.9400,-90.0000
14.9500,-90.0000
14.9600,-90.0000
14.9700,-90.0000
14.9800,-90.0000
14.9900,-90.0000
15.0000,-90.0000
15.0100,-90.0000
15.0200,-90.0000
15.0300,-90.0000
15.0400,-90.0000
15.0500,-90.0000
15.0600,-90.0000
15.0700,-90.0000
15.0800,-90.0000
15.0900,-90.0000
15.1000,-90.0000
15.1100,-90.0000
15.1200,-90.0000
15.1300,-90.0000
15.1400,-90.0000
15.1500,-90.0000
15.1600,-90.0000
15.1700,-90.0000
15.1800,-90.0000
15.1900,-90.0000
15.2000,-90.0000
15.2100,-90.0000
15.2200,-90.0000
15.2300,-90.0000
15.2400,-90.0000
15.2500,-90.0000
15.2600,-90.0000
15.2700,-90.0000
15.2800,-90.0000
15.2900,-90.0000
15.3000,-90.0000
15.3100,-90.0000
15.3200,-90.0000
15.3300,-90.0000
15.3400,-90.0000
15.3500,-90.0000
15.3600,-90.0000
15.3700,-90.0000
15.3800,-90.0000
15.3900,-90.0000
15.4000,-90.0000
15.4100,-90.0000
15.4200,-90.0000
15.4300,-90.0000
15.4400,-90.0000
15.4500,-90.0000
15.4600,-90.0000
15.4700,-90.0000
15.4800,-90.0000
15.4900,-90.0000
15.5000,-90.0000
15.5100,-90.0000
15.5200,-90.0000
15.5300,-90.0000
15.5400,-90.0000
15.5500,-90.0000
15.5600,-90.0000
15.5700,-90.0000
15.5800,-90.0000
15.5900,-90.0000
15.6000,-90.0000
15.6100,-90.0000
15.6200,-90.0000
15.6300,-90.0000
15.6400,-90.0000
15.6500,-90.0000
15.6600,-90.0000
15.6700,-90.0000
15.6800,-90.0000
15.6900,-90.0000
15.7000,-90.0000
15.7100,-90.0000
15.7200,-90.0000
15.7300,-90.0000
15.7400,-90.0000
15.7500,-90.0000
15.7600,-90.0000
15.7700,-90.0000
15.7800,-90.0000
15.7900,-90.0000
15.8000,-90.0000
15.8100,-90.0000
15.8200,-90.0000
15.8300,-90.0000
15.8400,-90.0000
15.8500,-90.0000
15.8600,-90.0000
15.8700,-90.0000
15.8800,-90.0000
15.8900,-90.0000
15.9000,-90.0000
15.9100,-90.0000
15.9200,-90.0000
15.9300,-90.0000
15.9400,-90.0000
15.9500,-90.0000
15.9600,-90.0000
15.9700,-90.0000
15.9800,-90.0000
15.9900,-90.0000
16.0000,-90.0000
16.0100,-90.0000
16.0200,-90.0000
16.0300,-90.0000
16.0400,-90.0000
16.0500,-90.0000
16.0600,-90.0000
16.0700,-90.0000
16.0800,-90.0000
16.0900,-90.0000
16.1000,-90.0000
16.1100,-90.0000
16.1200,-90.0000
16.1300,-90.0000
16.1400,-90.0000
16.1500,-90.0000
16.1600,-90.0000
16.1700,-90.0000
16.1800,-90.0000
16.1900,-90.0000
16.2000,-90.0000
16.2100,-90.0000
16.2200,-90.0000
16.2300,-90.0000
16.2400,-90.0000
16.2500,-90.0000
16.2600,-90.0000
16.2700,-90.0000
16.2800,-90.0000
16.2900,-90.0000
16.3000,-90.0000
16.3100,-90.0000
16.3200,-90.0000
16.3300,-90.0000
16.3400,-90.0000
16.3500,-90.0000
16.3600,-90.0000
16.3700,-90.0000
16.3800,-90.0000
16.3900,-90.0000
16.4000,-90.0000
16.4100,-90.0000
16.4200,-90.0000
16.4300,-90.0000
16.4400,-90.0000
16.4500,-90.0000
16.4600,-90.0000
16.4700,-90.0000
16.4800,-90.0000
16.4900,-90.0000
16.5000,-90.0000
16.5100,-90.0000
16.5200,-90.0000
16.5300,-90.0000
16.5400,-90.0000
16.5500,-90.0000
16.5600,-90.0000
16.5700,-90.0000
16.5800,-90.0000
16.5900,-90.0000
16.6000,-90.0000
16.6100,-90.0000
16.6200,-90.0000
16.6300,-90.0000
16.6400,-90.0000
16.6500,-90.0000
16.6600,-90.0000
16.6700,-90.0000
16.6800,-90.0000
16.6900,-90.0000
16.7000,-90.0000
16.7100,-90.0000
16.7200,-90.0000
16.7300,-90.0000
16.7400,-90.0000
16.7500,-90.0000
16.7600,-90.0000
16.7700,-90.0000
16.7800,-90.0000
16.7900,-90.0000
16.8000,-90.0000
16.8100,-90.0000
16.8200,-90.0000
16.8300,-90.0000
16.8400,-90.0000
16.8500,-90.0000
16.8600,-90.0000
16.8700,-90.0000
16.8800,-90.0000
16.8900,-90.0000
16.9000,-90.0000
16.9100,-90.0000
16.9200,-90.0000
16.9300,-90.0000
16.9400,-90.0000
16.9500,-90.0000
16.9600,-90.0000
16.9700,-90.0000
16.9800,-90.0000
16.9900,-90.0000
17.0000,-90.0000
17.0100,-90.0000
17.0200,-90.0000
17.0300,-90.0000
17.0400,-90.0000
17.0500,-90.0000
17.0600,-90.0000
17.0700,-90.0000
17.0800,-90.0000
17.0900,-90.0000
17.1000,-90.0000
17.1100,-90.0000
17.1200,-90.0000
17.1300,-90.0000
17.1400,-90.0000
17.1500,-90.0000
17.1600,-90.0000
17.1700,-90.0000
17.1800,-90.0000
17.1900,-90.0000
17.2000,-90.0000
17.2100,-90.0000
17.2200,-90.0000
17.2300,-90.0000
17.2400,-90.0000
17.2500,-90.0000
17.2600,-90.0000
17.2700,-90.0000
17.2800,-90.0000
17.2900,-90.0000
17.3000,-90.0000
17.3100,-90.0000
17.3200,-90.0000
17.3300,-90.0000
17.3400,-90.0000
17.3500,-90.0000
17.3600,-90.0000
17.3700,-90.0000
17.3800,-90.0000
17.3900,-90.0000
17.4000,-90.0000
17.4100,-90.0000
17.4200,-90.0000
17.4300,-90.0000
17.4400,-90.0000
17.4500,-90.0000
17.4600,-90.0000
17.4700,-90.0000
17.4800,-90.0000
17.4900,-90.0000
17.5000,-90.0000
17.5100,-90.0000
17.5200,-90.0000
17.5300,-90.0000
17.5400,-90.0000
17.5500,-90.0000
17.5600,-90.0000
17.5700,-90.0000
17.5800,-90.0000
17.5900,-90.0000
17.6000,-90.0000
17.6100,-90.0000
17.6200,-90.0000
17.6300,-90.0000
17.6400,-90.0000
17.6500,-90.0000
17.6600,-90.0000
17.6700,-90.0000
17.6800,-90.0000
17.6900,-90.0000
17.7000,-90.0000
17.7100,-90.0000
17.7200,-90.0000
17.7300,-90.0000
17.7400,-90.0000
17.7500,-90.0000
17.7600,-90.0000
17.7700,-90.0000
17.7800,-90.0000
17.7900,-90.0000
17.8000,-90.0000
17.8100,-90.0000
17.8200,-90.0000
17.8300,-90.0000
17.8400,-90.0000
17.8500,-90.0000
17.8600,-90.0000
17.8700,-90.0000
17.8800,-90.0000
17.8900,-90.0000
17.9000,-90.0000
17.9100,-90.0000
17.9200,-90.0000
17.9300,-90.0000
17.9400,-90.0000
17.9500,-90.0000
17.9600,-90.0000
17.9700,-90.0000
17.9800,-90.0000
17.9900,-90.0000
18.0000,-90.0000
18.0100,-90.0000
18.0200,-90.0000
18.0300,-90.0000
18.0400,-90.0000
18.0500,-90.0000
18.0600,-90.0000
18.0700,-90.0000
18.0800,-90.0000
18.0900,-90.0000
18.1000,-90.0000
18.1100,-90.0000
18.1200,-90.0000
18.1300,-90.0000
18.1400,-90.0000
18.1500,-90.0000
18.1600,-90.0000
18.1700,-90.0000
18.1800,-90.0000
18.1900,-90.0000
18.2000,-90.0000
18.2100,-90.0000
18.2200,-90.0000
18.2300,-90.0000
18.2400,-90.0000
18.2500,-90.0000
18.2600,-90.0000
18.2700,-90.0000
18.2800,-90.0000
18.2900,-90.0000
18.3000,-90.0000
18.3100,-90.0000
18.3200,-90.0000
18.3300,-90.0000
18.3400,-90.0000
18.3500,-90.0000
18.3600,-90.0000
18.3700,-90.0000
18.3800,-90.0000
18.3900,-90.0000
18.4000,-90.0000
18.4100,-90.0000
18.4200,-90.0000
18.4300,-90.0000
18.4400,-90.0000
18.4500,-90.0000
18.4600,-90.0000
18.4700,-90.0000
18.4800,-90.0000
18.4900,-90.0000
18.5000,-90.0000
18.5100,-90.0000
18.5200,-90.0000
18.5300,-90.0000
18.5400,-90.0000
18.5500,-90.0000
18.5600,-90.0000
18.5700,-90.0000
18.5800,-90.0000
18.5900,-90.0000
18.6000,-90.0000
18.6100,-90.0000
18.6200,-90.0000
18.6300,-90.0000
18.6400,-90.0000
18.6500,-90.0000
18.6600,-90.0000
18.6700,-90.0000
18.6800,-90.0000
18.6900,-90.0000
18.7000,-90.0000
18.7100,-90.0000
18.7200,-90.0000
18.7300,-90.0000
18.7400,-90.0000
18.7500,-90.0000
18.7600,-90.0000
18.7700,-90.0000
18.7800,-90.0000
18.7900,-90.0000
18.8000,-90.0000
18.8100,-90.0000
18.8200,-90.0000
18.8300,-90.0000
18.8400,-90.0000
18.8500,-90.0000
18.8600,-90.0000
18.8700,-90.0000
18.8800,-90.0000
18.8900,-90.0000
18.9000,-90.0000
18.9100,-90.0000
18.9200,-90.0000
18.9300,-90.0000
18.9400,-90.0000
18.9500,-90.0000
18.9600,-90.0000
18.9700,-90.0000
18.9800,-90.0000
18.9900,-90.0000
19.0000,-90.0000
19.0100,-90.0000
19.0200,-90.0000
19.0300,-90.0000
19.0400,-90.0000
19.0500,-90.0000
19.0600,-90.0000
19.0700,-90.0000
19.0800,-90.0000
19.0900,-90.0000
19.1000,-90.0000
19.1100,-90.0000
19.1200,-90.0000
19.1300,-90.0000
19.1400,-90.0000
19.1500,-90.0000
19.1600,-90.0000
19.1700,-90.0000
19.1800,-90.0000
19.1900,-90.0000
19.2000,-90.0000
19.2100,-90.0000
19.2200,-90.0000
19.2300,-90.0000
19.2400,-90.0000
19.2500,-90.0000
19.2600,-90.0000
19.2700,-90.0000
19.2800,-90.0000
19.2900,-90.0000
19.3000,-90.0000
19.3100,-90.0000
19.3200,-90.0000
19.3300,-90.0000
19.3400,-90.0000
19.3500,-90.0000
19.3600,-90.0000
19.3700,-90.0000
19.3800,-90.0000
19.3900,-90.0000
19.4000,-90.0000
19.4100,-90.0000
19.4200,-90.0000
19.4300,-90.0000
19.4400,-90.0000
19.4500,-90.0000
19.4600,-90.0000
19.4700,-90.0000
19.4800,-90.0000
19.4900,-90.0000
19.5000,-90.0000
19.5100,-90.0000
19.5200,-90.0000
19.5300,-90.0000
19.5400,-90.0000
19.5500,-90.0000
19.5600,-90.0000
19.5700,-90.0000
19.5800,-90.0000
19.5900,-90.0000
19.6000,-90.0000
19.6100,-90.0000
19.6200,-90.0000
19.6300,-90.0000
19.6400,-90.0000
19.6500,-90.0000
19.6600,-90.0000
19.6700,-90.0000
19.6800,-90.0000
19.6900,-90.0000
19.7000,-90.0000
19.7100,-90.0000
19.7200,-90.0000
19.7300,-90.0000
19.7400,-90.0000
19.7500,-90.0000
19.7600,-90.0000
19.7700,-90.0000
19.7800,-90.0000
19.7900,-90.0000
19.8000,-90.0000
19.8100,-90.0000
19.8200,-90.0000
19.8300,-90.0000
19.8400,-90.0000
19.8500,-90.0000
19.8600,-90.0000
19.8700,-90.0000
19.8800,-90.0000
19.8900,-90.0000
19.9000,-90.0000
19.9100,-90.0000
19.9200,-90.0000
19.9300,-90.0000
19.9400,-90.0000
19.9500,-90.0000
19.9600,-90.0000
19.9700,-90.0000
19.9800,-90.0000
19.9900,-90.0000
20.0000,-90.0000
20.0100,-90.0000
20.0200,-90.0000
20.0300,-90.0000
20.0400,-90.0000
20.0500,-90.0000
20.0600,-90.0000
20.0700,-90.0000
20.0800,-90.0000
20.0900,-90.0000
20.1000,-90.0000
20.1100,-90.0000
20.1200,-90.0000
20.1300,-90.0000
20.1400,-90.0000
20.1500,-90.0000
20.1600,-90.0000
20.1700,-90.0000
20.1800,-90.0000
20.1900,-90.0000
20.2000,-90.0000
20.2100,-90.0000
20.2200,-90.0000
20.2300,-90.0000
20.2400,-90.0000
20.2500,-90.0000
20.2600,-90.0000
20.2700,-90.0000
20.2800,-90.0000
20.2900,-90.0000
20.3000,-90.0000
20.3100,-90.0000
20.3200,-90.0000
20.3300,-90.0000
20.3400,-90.0000
20.3500,-90.0000
20.3600,-90.0000
20.3700,-90.0000
20.3800,-90.0000
20.3900,-90.0000
20.4000,-90.0000
20.4100,-90.0000
20.4200,-90.0000
20.4300,-90.0000
20.4400,-90.0000
20.4500,-90.0000
20.4600,-90.0000
20.4700,-90.0000
20.4800,-90.0000
20.4900,-90.0000
20.5000,-90.0000
20.5100,-90.0000
20.5200,-90.0000
20.5300,-90.0000
20.5400,-90.0000
20.5500,-90.0000
20.5600,-90.0000
20.5700,-90.0000
20.5800,-90.0000
20.5900,-90.0000
20.6000,-90.0000
20.6100,-90.0000
20.6200,-90.0000
20.6300,-90.0000
20.6400,-90.0000
20.6500,-90.0000
20.6600,-90.0000
20.6700,-90.0000
20.6800,-90.0000
20.6900,-90.0000
20.7000,-90.0000
20.7100,-90.0000
20.7200,-90.0000
20.7300,-90.0000
20.7400,-90.0000
20.7500,-90.0000
20.7600,-90.0000
20.7700,-90.0000
20.7800,-90.0000
20.7900,-90.0000
20.8000,-90.0000
20.8100,-90.0000
20.8200,-90.0000
20.8300,-90.0000
20.8400,-90.0000
20.8500,-90.0000
20.8600,-90.0000
20.8700,-90.0000
20.8800,-90.0000
20.8900,-90.0000
20.9000,-90.0000
20.9100,-90.0000
20.9200,-90.0000
20.9300,-90.0000
20.9400,-90.0000
20.9500,-90.0000
20.9600,-90.0000
20.9700,-90.0000
20.9800,-90.0000
20.9900,-90.0000
21.0000,-90.0000
21.0100,-90.4523
21.0200,-90.9045
21.0300,-91.3568
21.0400,-91.8090
21.0500,-92.2613
21.0600,-92.7136
21.0700,-93.1658
21.0800,-93.6181
21.0900,-94.0704
21.1000,-94.5226
21.1100,-94.9749
21.1200,-95.4271
21.1300,-95.8794
21.1400,-96.3317
21.1500,-96.7839
21.1600,-97.2362
21.1700,-97.6884
21.1800,-98.1407
21.1900,-98.5930
21.2000,-99.0452
21.2100,-99.4975
21.2200,-99.9497
21.2300,-100.4020
21.2400,-100.8543
21.2500,-101.3065
21.2600,-101.7588
21.2700,-102.2111
21.2800,-102.6633
21.2900,-103.1156
21.3000,-103.5678
21.3100,-104.0201
21.3200,-104.4724
21.3300,-104.9246
21.3400,-105.3769
21.3500,-105.8291
21.3600,-106.2814
21.3700,-106.7337
21.3800,-107.1859
21.3900,-107.6382
21.4000,-108.0905
21.4100,-108.5427
21.4200,-108.9950
21.4300,-109.4472
21.4400,-109.8995
21.4500,-110.3518
21.4600,-110.8040
21.4700,-111.2563
21.4800,-111.7085
21.4900,-112.1608
21.5000,-112.6131
21.5100,-113.0653
21.5200,-113.5176
21.5300,-113.9698
21.5400,-114.4221
21.5500,-114.8744
21.5600,-115.3266
21.5700,-115.7789
21.5800,-116.2312
21.5900,-116.6834
21.6000,-117.1357
21.6100,-117.5879
21.6200,-118.0402
21.6300,-118.4925
21.6400,-118.9447
21.6500,-119.3970
21.6600,-119.8492
21.6700,-120.3015
21.6800,-120.7538
21.6900,-121.2060
21.7000,-121.6583
21.7100,-122.1106
21.7200,-122.5628
21.7300,-123.0151
21.7400,-123.4673
21.7500,-123.9196
21.7600,-124.3719
21.7700,-124.8241
21.7800,-125.2764
21.7900,-125.7286
21.8000,-126.1809
21.8100,-126.6332
21.8200,-127.0854
21.8300,-127.5377
21.8400,-127.9899
21.8500,-128.4422
21.8600,-128.8945
21.8700,-129.3467
21.8800,-129.7990
21.8900,-130.2513
21.9000,-130.7035
21.9100,-131.1558
21.9200,-131.6080
21.9300,-132.0603
21.9400,-132.5126
21.9500,-132.9648
21.9600,-133.4171
21.9700,-133.8693
21.9800,-134.3216
21.9900,-134.7739
22.0000,-135.2261
22.0100,-135.6784
22.0200,-136.1307
22.0300,-136.5829
22.0400,-137.0352
22.0500,-137.4874
22.0600,-137.9397
22.0700,-138.3920
22.0800,-138.8442
22.0900,-139.2965
22.1000,-139.7487
22.1100,-140.2010
22.1200,-140.6533
22.1300,-141.1055
22.1400,-141.5578
22.1500,-142.0101
22.1600,-142.4623
22.1700,-142.9146
22.1800,-143.3668
22.1900,-143.8191
22.2000,-144.2714
22.2100,-144.7236
22.2200,-145.1759
22.2300,-145.6281
22.2400,-146.0804
22.2500,-146.5327
22.2600,-146.9849
22.2700,-147.4372
22.2800,-147.8894
22.2900,-148.3417
22.3000,-148.7940
22.3100,-149.2462
22.3200,-149.6985
22.3300,-150.1508
22.3400,-150.6030
22.3500,-151.0553
22.3600,-151.5075
22.3700,-151.9598
22.3800,-152.4121
22.3900,-152.8643
22.4000,-153.3166
22.4100,-153.7688
22.4200,-154.2211
22.4300,-154.6734
22.4400,-155.1256
22.4500,-155.5779
22.4600,-156.0302
22.4700,-156.4824
22.4800,-156.9347
22.4900,-157.3869
22.5000,-157.8392
22.5100,-158.2915
22.5200,-158.7437
22.5300,-159.1960
22.5400,-159.6482
22.5500,-160.1005
22.5600,-160.5528
22.5700,-161.0050
22.5800,-161.4573
22.5900,-161.9095
22.6000,-162.3618
22.6100,-162.8141
22.6200,-163.2663
22.6300,-163.7186
22.6400,-164.1709
22.6500,-164.6231
22.6600,-165.0754
22.6700,-165.5276
22.6800,-165.9799
22.6900,-166.4322
22.7000,-166.8844
22.7100,-167.3367
22.7200,-167.7889
22.7300,-168.2412
22.7400,-168.6935
22.7500,-169.1457
22.7600,-169.5980
22.7700,-170.0503
22.7800,-170.5025
22.7900,-170.9548
22.8000,-171.4070
22.8100,-171.8593
22.8200,-172.3116
22.8300,-172.7638
22.8400,-173.2161
22.8500,-173.6683
22.8600,-174.1206
22.8700,-174.5729
22.8800,-175.0251
22.8900,-175.4774
22.9000,-175.9296
22.9100,-176.3819
22.9200,-176.8342
22.9300,-177.2864
22.9400,-177.7387
22.9500,-178.1910
22.9600,-178.6432
22.9700,-179.0955
22.9800,-179.5477
22.9900,-180.0000
23.0000,-180.0000
23.0100,-180.0000
23.0200,-180.0000
23.0300,-180.0000
23.0400,-180.0000
23.0500,-180.0000
23.0600,-180.0000
23.0700,-180.0000
23.0800,-180.0000
23.0900,-180.0000
23.1000,-180.0000
23.1100,-180.0000
23.1200,-180.0000
23.1300,-180.0000
23.1400,-180.0000
23.1500,-180.0000
23.1600,-180.0000
23.1700,-180.0000
23.1800,-180.0000
23.1900,-180.0000
23.2000,-180.0000
23.2100,-180.0000
23.2200,-180.0000
23.2300,-180.0000
23.2400,-180.0000
23.2500,-180.0000
23.2600,-180.0000
23.2700,-180.0000
23.2800,-180.0000
23.2900,-180.0000
23.3000,-180.0000
23.3100,-180.0000
23.3200,-180.0000
23.3300,-180.0000
23.3400,-180.0000
23.3500,-180.0000
23.3600,-180.0000
23.3700,-180.0000
23.3800,-180.0000
23.3900,-180.0000
23.4000,-180.0000
23.4100,-180.0000
23.4200,-180.0000
23.4300,-180.0000
23.4400,-180.0000
23.4500,-180.0000
23.4600,-180.0000
23.4700,-180.0000
23.4800,-180.0000
23.4900,-180.0000
23.5000,-180.0000
23.5100,-180.0000
23.5200,-180.0000
23.5300,-180.0000
23.5400,-180.0000
23.5500,-180.0000
23.5600,-180.0000
23.5700,-180.0000
23.5800,-180.0000
23.5900,-180.0000
23.6000,-180.0000
23.6100,-180.0000
23.6200,-180.0000
23.6300,-180.0000
23.6400,-180.0000
23.6500,-180.0000
23.6600,-180.0000
23.6700,-180.0000
23.6800,-180.0000
23.6900,-180.0000
23.7000,-180.0000
23.7100,-180.0000
23.7200,-180.0000
23.7300,-180.0000
23.7400,-180.0000
23.7500,-180.0000
23.7600,-180.0000
23.7700,-180.0000
23.7800,-180.0000
23.7900,-180.0000
23.8000,-180.0000
23.8100,-180.0000
23.8200,-180.0000
23.8300,-180.0000
23.8400,-180.0000
23.8500,-180.0000
23.8600,-180.0000
23.8700,-180.0000
23.8800,-180.0000
23.8900,-180.0000
23.9000,-180.0000
23.9100,-180.0000
23.9200,-180.0000
23.9300,-180.0000
23.9400,-180.0000
23.9500,-180.0000
23.9600,-180.0000
23.9700,-180.0000
23.9800,-180.0000
23.9900,-180.0000
24.0000,-180.0000
24.0100,-180.0000
24.0200,-180.0000
24.0300,-180.0000
24.0400,-180.0000
24.0500,-180.0000
24.0600,-180.0000
24.0700,-180.0000
24.0800,-180.0000
24.0900,-180.0000
24.1000,-180.0000
24.1100,-180.0000
24.1200,-180.0000
24.1300,-180.0000
24.1400,-180.0000
24.1500,-180.0000
24.1600,-180.0000
24.1700,-180.0000
24.1800,-180.0000
24.1900,-180.0000
24.2000,-180.0000
24.2100,-180.0000
24.2200,-180.0000
24.2300,-180.0000
24.2400,-180.0000
24.2500,-180.0000
24.2600,-180.0000
24.2700,-180.0000
24.2800,-180.0000
24.2900,-180.0000
24.3000,-180.0000
24.3100,-180.0000
24.3200,-180.0000
24.3300,-180.0000
24.3400,-180.0000
24.3500,-180.0000
24.3600,-180.0000
24.3700,-180.0000
24.3800,-180.0000
24.3900,-180.0000
24.4000,-180.0000
24.4100,-180.0000
24.4200,-180.0000
24.4300,-180.0000
24.4400,-180.0000
24.4500,-180.0000
24.4600,-180.0000
24.4700,-180.0000
24.4800,-180.0000
24.4900,-180.0000
24.5000,-180.0000
24.5100,-180.0000
24.5200,-180.0000
24.5300,-180.0000
24.5400,-180.0000
24.5500,-180.0000
24.5600,-180.0000
24.5700,-180.0000
24.5800,-180.0000
24.5900,-180.0000
24.6000,-180.0000
24.6100,-180.0000
24.6200,-180.0000
24.6300,-180.0000
24.6400,-180.0000
24.6500,-180.0000
24.6600,-180.0000
24.6700,-180.0000
24.6800,-180.0000
24.6900,-180.0000
24.7000,-180.0000
24.7100,-180.0000
24.7200,-180.0000
24.7300,-180.0000
24.7400,-180.0000
24.7500,-180.0000
24.7600,-180.0000
24.7700,-180.0000
24.7800,-180.0000
24.7900,-180.0000
24.8000,-180.0000
24.8100,-180.0000
24.8200,-180.0000
24.8300,-180.0000
24.8400,-180.0000
24.8500,-180.0000
24.8600,-180.0000
24.8700,-180.0000
24.8800,-180.0000
24.8900,-180.0000
24.9000,-180.0000
24.9100,-180.0000
24.9200,-180.0000
24.9300,-180.0000
24.9400,-180.0000
24.9500,-180.0000
24.9600,-180.0000
24.9700,-180.0000
24.9800,-180.0000
24.9900,-180.0000
25.0000,-180.0000
25.0100,-180.0000
25.0200,-180.0000
25.0300,-180.0000
25.0400,-180.0000
25.0500,-180.0000
25.0600,-180.0000
25.0700,-180.0000
25.0800,-180.0000
25.0900,-180.0000
25.1000,-180.0000
25.1100,-180.0000
25.1200,-180.0000
25.1300,-180.0000
25.1400,-180.0000
25.1500,-180.0000
25.1600,-180.0000
25.1700,-180.0000
25.1800,-180.0000
25.1900,-180.0000
25.2000,-180.0000
25.2100,-180.0000
25.2200,-180.0000
25.2300,-180.0000
25.2400,-180.0000
25.2500,-180.0000
25.2600,-180.0000
25.2700,-180.0000
25.2800,-180.0000
25.2900,-180.0000
25.3000,-180.0000
25.3100,-180.0000
25.3200,-180.0000
25.3300,-180.0000
25.3400,-180.0000
25.3500,-180.0000
25.3600,-180.0000
25.3700,-180.0000
25.3800,-180.0000
25.3900,-180.0000
25.4000,-180.0000
25.4100,-180.0000
25.4200,-180.0000
25.4300,-180.0000
25.4400,-180.0000
25.4500,-180.0000
25.4600,-180.0000
25.4700,-180.0000
25.4800,-180.0000
25.4900,-180.0000
25.5000,-180.0000
25.5100,-180.0000
25.5200,-180.0000
25.5300,-180.0000
25.5400,-180.0000
25.5500,-180.0000
25.5600,-180.0000
25.5700,-180.0000
25.5800,-180.0000
25.5900,-180.0000
25.6000,-180.0000
25.6100,-180.0000
25.6200,-180.0000
25.6300,-180.0000
25.6400,-180.0000
25.6500,-180.0000
25.6600,-180.0000
25.6700,-180.0000
25.6800,-180.0000
25.6900,-180.0000
25.7000,-180.0000
25.7100,-180.0000
25.7200,-180.0000
25.7300,-180.0000
25.7400,-180.0000
25.7500,-180.0000
25.7600,-180.0000
25.7700,-180.0000
25.7800,-180.0000
25.7900,-180.0000
25.8000,-180.0000
25.8100,-180.0000
25.8200,-180.0000
25.8300,-180.0000
25.8400,-180.0000
25.8500,-180.0000
25.8600,-180.0000
25.8700,-180.0000
25.8800,-180.0000
25.8900,-180.0000
25.9000,-180.0000
25.9100,-180.0000
25.9200,-180.0000
25.9300,-180.0000
25.9400,-180.0000
25.9500,-180.0000
25.9600,-180.0000
25.9700,-180.0000
25.9800,-180.0000
25.9900,-180.0000
26.0000,-180.0000
26.0100,-180.0000
26.0200,-180.0000
26.0300,-180.0000
26.0400,-180.0000
26.0500,-180.0000
26.0600,-180.0000
26.0700,-180.0000
26.0800,-180.0000
26.0900,-180.0000
26.1000,-180.0000
26.1100,-180.0000
26.1200,-180.0000
26.1300,-180.0000
26.1400,-180.0000
26.1500,-180.0000
26.1600,-180.0000
26.1700,-180.0000
26.1800,-180.0000
26.1900,-180.0000
26.2000,-180.0000
26.2100,-180.0000
26.2200,-180.0000
26.2300,-180.0000
26.2400,-180.0000
26.2500,-180.0000
26.2600,-180.0000
26.2700,-180.0000
26.2800,-180.0000
26.2900,-180.0000
26.3000,-180.0000
26.3100,-180.0000
26.3200,-180.0000
26.3300,-180.0000
26.3400,-180.0000
26.3500,-180.0000
26.3600,-180.0000
26.3700,-180.0000
26.3800,-180.0000
26.3900,-180.0000
26.4000,-180.0000
26.4100,-180.0000
26.4200,-180.0000
26.4300,-180.0000
26.4400,-180.0000
26.4500,-180.0000
26.4600,-180.0000
26.4700,-180.0000
26.4800,-180.0000
26.4900,-180.0000
26.5000,-180.0000
26.5100,-180.0000
26.5200,-180.0000
26.5300,-180.0000
26.5400,-180.0000
26.5500,-180.0000
26.5600,-180.0000
26.5700,-180.0000
26.5800,-180.0000
26.5900,-180.0000
26.6000,-180.0000
26.6100,-180.0000
26.6200,-180.0000
26.6300,-180.0000
26.6400,-180.0000
26.6500,-180.0000
26.6600,-180.0000
26.6700,-180.0000
26.6800,-180.0000
26.6900,-180.0000
26.7000,-180.0000
26.7100,-180.0000
26.7200,-180.0000
26.7300,-180.0000
26.7400,-180.0000
26.7500,-180.0000
26.7600,-180.0000
26.7700,-180.0000
26.7800,-180.0000
26.7900,-180.0000
26.8000,-180.0000
26.8100,-180.0000
26.8200,-180.0000
26.8300,-180.0000
26.8400,-180.0000
26.8500,-180.0000
26.8600,-180.0000
26.8700,-180.0000
26.8800,-180.0000
26.8900,-180.0000
26.9000,-180.0000
26.9100,-180.0000
26.9200,-180.0000
26.9300,-180.0000
26.9400,-180.0000
26.9500,-180.0000
26.9600,-180.0000
26.9700,-180.0000
26.9800,-180.0000
26.9900,-180.0000
27.0000,-0.0000
27.0100,0.0000
27.0200,0.0000
27.0300,0.0000
27.0400,0.0000
27.0500,0.0000
27.0600,0.0000
27.0700,0.0000
27.0800,0.0000
27.0900,0.0000
27.1000,0.0000
27.1100,0.0000
27.1200,0.0000
27.1300,0.0000
27.1400,0.0000
27.1500,0.0000
27.1600,0.0000
27.1700,0.0000
27.1800,0.0000
27.1900,0.0000
27.2000,0.0000
27.2100,0.0000
27.2200,0.0000
27.2300,0.0000
27.2400,0.0000
27.2500,0.0000
27.2600,0.0000
27.2700,0.0000
27.2800,0.0000
27.2900,0.0000
27.3000,0.0000
27.3100,0.0000
27.3200,0.0000
27.3300,0.0000
27.3400,0.0000
27.3500,0.0000
27.3600,0.0000
27.3700,0.0000
27.3800,0.0000
27.3900,0.0000
27.4000,0.0000
27.4100,0.0000
27.4200,0.0000
27.4300,0.0000
27.4400,0.0000
27.4500,0.0000
27.4600,0.0000
27.4700,0.0000
27.4800,0.0000
27.4900,0.0000
27.5000,0.0000
27.5100,0.0000
27.5200,0.0000
27.5300,0.0000
27.5400,0.0000
27.5500,0.0000
27.5600,0.0000
27.5700,0.0000
27.5800,0.0000
27.5900,0.0000
27.6000,0.0000
27.6100,0.0000
27.6200,0.0000
27.6300,0.0000
27.6400,0.0000
27.6500,0.0000
27.6600,0.0000
27.6700,0.0000
27.6800,0.0000
27.6900,0.0000
27.7000,0.0000
27.7100,0.0000
27.7200,0.0000
27.7300,0.0000
27.7400,0.0000
27.7500,0.0000
27.7600,0.0000
27.7700,0.0000
27.7800,0.0000
27.7900,0.0000
27.8000,0.0000
27.8100,0.0000
27.8200,0.0000
27.8300,0.0000
27.8400,0.0000
27.8500,0.0000
27.8600,0.0000
27.8700,0.0000
27.8800,0.0000
27.8900,0.0000
27.9000,0.0000
27.9100,0.0000
27.9200,0.0000
27.9300,0.0000
27.9400,0.0000
27.9500,0.0000
27.9600,0.0000
27.9700,0.0000
27.9800,0.0000
27.9900,0.0000
28.0000,0.0000
28.0100,0.0000
28.0200,0.0000
28.0300,0.0000
28.0400,0.0000
28.0500,0.0000
28.0600,0.0000
28.0700,0.0000
28.0800,0.0000
28.0900,0.0000
28.1000,0.0000
28.1100,0.0000
28.1200,0.0000
28.1300,0.0000
28.1400,0.0000
28.1500,0.0000
28.1600,0.0000
28.1700,0.0000
28.1800,0.0000
28.1900,0.0000
28.2000,0.0000
28.2100,0.0000
28.2200,0.0000
28.2300,0.0000
28.2400,0.0000
28.2500,0.0000
28.2600,0.0000
28.2700,0.0000
28.2800,0.0000
28.2900,0.0000
28.3000,0.0000
28.3100,0.0000
28.3200,0.0000
28.3300,0.0000
28.3400,0.0000
28.3500,0.0000
28.3600,0.0000
28.3700,0.0000
28.3800,0.0000
28.3900,0.0000
28.4000,0.0000
28.4100,0.0000
28.4200,0.0000
28.4300,0.0000
28.4400,0.0000
28.4500,0.0000
28.4600,0.0000
28.4700,0.0000
28.4800,0.0000
28.4900,0.0000
28.5000,0.0000
28.5100,0.0000
28.5200,0.0000
28.5300,0.0000
28.5400,0.0000
28.5500,0.0000
28.5600,0.0000
28.5700,0.0000
28.5800,0.0000
28.5900,0.0000
28.6000,0.0000
28.6100,0.0000
28.6200,0.0000
28.6300,0.0000
28.6400,0.0000
28.6500,0.0000
28.6600,0.0000
28.6700,0.0000
28.6800,0.0000
28.6900,0.0000
28.7000,0.0000
28.7100,0.0000
28.7200,0.0000
28.7300,0.0000
28.7400,0.0000
28.7500,0.0000
28.7600,0.0000
28.7700,0.0000
28.7800,0.0000
28.7900,0.0000
28.8000,0.0000
28.8100,0.0000
28.8200,0.0000
28.8300,0.0000
28.8400,0.0000
28.8500,0.0000
28.8600,0.0000
28.8700,0.0000
28.8800,0.0000
28.8900,0.0000
28.9000,0.0000
28.9100,0.0000
28.9200,0.0000
28.9300,0.0000
28.9400,0.0000
28.9500,0.0000
28.9600,0.0000
28.9700,0.0000
28.9800,0.0000
28.9900,0.0000
29.0000,0.0000
29.0100,0.0000
29.0200,0.0000
29.0300,0.0000
29.0400,0.0000
29.0500,0.0000
29.0600,0.0000
29.0700,0.0000
29.0800,0.0000
29.0900,0.0000
29.1000,0.0000
29.1100,0.0000
29.1200,0.0000
29.1300,0.0000
29.1400,0.0000
29.1500,0.0000
29.1600,0.0000
29.1700,0.0000
29.1800,0.0000
29.1900,0.0000
29.2000,0.0000
29.2100,0.0000
29.2200,0.0000
29.2300,0.0000
29.2400,0.0000
29.2500,0.0000
29.2600,0.0000
29.2700,0.0000
29.2800,0.0000
29.2900,0.0000
29.3000,0.0000
29.3100,0.0000
29.3200,0.0000
29.3300,0.0000
29.3400,0.0000
29.3500,0.0000
29.3600,0.0000
29.3700,0.0000
29.3800,0.0000
29.3900,0.0000
29.4000,0.0000
29.4100,0.0000
29.4200,0.0000
29.4300,0.0000
29.4400,0.0000
29.4500,0.0000
29.4600,0.0000
29.4700,0.0000
29.4800,0.0000
29.4900,0.0000
29.5000,0.0000
29.5100,0.0000
29.5200,0.0000
29.5300,0.0000
29.5400,0.0000
29.5500,0.0000
29.5600,0.0000
29.5700,0.0000
29.5800,0.0000
29.5900,0.0000
29.6000,0.0000
29.6100,0.0000
29.6200,0.0000
29.6300,0.0000
29.6400,0.0000
29.6500,0.0000
29.6600,0.0000
29.6700,0.0000
29.6800,0.0000
29.6900,0.0000
29.7000,0.0000
29.7100,0.0000
29.7200,0.0000
29.7300,0.0000
29.7400,0.0000
29.7500,0.0000
29.7600,0.0000
29.7700,0.0000
29.7800,0.0000
29.7900,0.0000
29.8000,0.0000
29.8100,0.0000
29.8200,0.0000
29.8300,0.0000
29.8400,0.0000
29.8500,0.0000
29.8600,0.0000
29.8700,0.0000
29.8800,0.0000
29.8900,0.0000
29.9000,0.0000
29.9100,0.0000
29.9200,0.0000
29.9300,0.0000
29.9400,0.0000
29.9500,0.0000
29.9600,0.0000
29.9700,0.0000
29.9800,0.0000
29.9900,0.0000
