0.0000,46.0000
0.0100,45.8462
0.0200,45.6923
0.0300,45.5385
0.0400,45.3846
0.0500,45.2308
0.0600,45.0769
0.0700,44.9231
0.0800,44.7692
0.0900,44.6154
0.1000,44.4615
0.1100,44.3077
0.1200,44.1538
0.1300,44.0000
0.1400,43.8462
0.1500,43.6923
0.1600,43.5385
0.1700,43.3846
0.1800,43.2308
0.1900,43.0769
0.2000,42.9231
0.2100,42.7692
0.2200,42.6154
0.2300,42.4615
0.2400,42.3077
0.2500,42.1538
0.2600,42.0000
0.2700,41.8462
0.2800,41.6923
0.2900,41.5385
0.3000,41.3846
0.3100,41.2308
0.3200,41.0769
0.3300,40.9231
0.3400,40.7692
0.3500,40.6154
0.3600,40.4615
0.3700,40.3077
0.3800,40.1538
0.3900,40.0000
0.4000,39.8462
0.4100,39.6923
0.4200,39.5385
0.4300,39.3846
0.4400,39.2308
0.4500,39.0769
0.4600,38.9231
0.4700,38.7692
0.4800,38.6154
0.4900,38.4615
0.5000,38.3077
0.5100,38.1538
0.5200,38.0000
0.5300,37.8462
0.5400,37.6923
0.5500,37.5385
0.5600,37.3846
0.5700,37.2308
0.5800,37.0769
0.5900,36.9231
0.6000,36.7692
0.6100,36.6154
0.6200,36.4615
0.6300,36.3077
0.6400,36.1538
0.6500,36.0000
0.6600,35.8462
0.6700,35.6923
0.6800,35.5385
0.6900,35.3846
0.7000,35.2308
0.7100,35.0769
0.7200,34.9231
0.7300,34.7692
0.7400,34.6154
0.7500,34.4615
0.7600,34.3077
0.7700,34.1538
0.7800,34.0000
0.7900,33.8462
0.8000,33.6923
0.8100,33.5385
0.8200,33.3846
0.8300,33.2308
0.8400,33.0769
0.8500,32.9231
0.8600,32.7692
0.8700,32.6154
0.8800,32.4615
0.8900,32.3077
0.9000,32.1538
0.9100,32.0000
0.9200,31.8462
0.9300,31.6923
0.9400,31.5385
0.9500,31.3846
0.9600,31.2308
0.9700,31.0769
0.9800,30.9231
0.9900,30.7692
1.0000,30.6154
1.0100,30.4615
1.0200,30.3077
1.0300,30.1538
1.0400,30.0000
1.0500,29.8462
1.0600,29.6923
1.0700,29.5385
1.0800,29.3846
1.0900,29.2308
1.1000,29.0769
1.1100,28.9231
1.1200,28.7692
1.1300,28.6154
1.1400,28.4615
1.1500,28.3077
1.1600,28.1538
1.1700,28.0000
1.1800,27.8462
1.1900,27.6923
1.2000,27.5385
1.2100,27.3846
1.2200,27.2308
1.2300,27.0769
1.2400,26.9231
1.2500,26.7692
1.2600,26.6154
1.2700,26.4615
1.2800,26.3077
1.2900,26.1538
1.3000,26.0000
1.3100,25.8462
1.3200,25.6923
1.3300,25.5385
1.3400,25.3846
1.3500,25.2308
1.3600,25.0769
1.3700,24.9231
1.3800,24.7692
1.3900,24.6154
1.4000,24.4615
1.4100,24.3077
1.4200,24.1538
1.4300,24.0000
1.4400,23.8462
1.4500,23.6923
1.4600,23.5385
1.4700,23.3846
1.4800,23.2308
1.4900,23.0769
1.5000,22.9231
1.5100,22.7692
1.5200,22.6154
1.5300,22.4615
1.5400,22.3077
1.5500,22.1538
1.5600,22.0000
1.5700,21.8462
1.5800,21.6923
1.5900,21.5385
1.6000,21.3846
1.6100,21.2308
1.6200,21.0769
1.6300,20.9231
1.6400,20.7692
1.6500,20.6154
1.6600,20.4615
1.6700,20.3077
1.6800,20.1538
1.6900,20.0000
1.7000,19.8462
1.7100,19.6923
1.7200,19.5385
1.7300,19.3846
1.7400,19.2308
1.7500,19.0769
1.7600,18.9231
1.7700,18.7692
1.7800,18.6154
1.7900,18.4615
1.8000,18.3077
1.8100,18.1538
1.8200,18.0000
1.8300,17.8462
1.8400,17.6923
1.8500,17.5385
1.8600,17.3846
1.8700,17.2308
1.8800,17.0769
1.8900,16.9231
1.9000,16.7692
1.9100,16.6154
1.9200,16.4615
1.9300,16.3077
1.9400,16.1538
1.9500,16.0000
1.9600,15.8462
1.9700,15.6923
1.9800,15.5385
1.9900,15.3846
2.0000,15.2308
2.0100,15.0769
2.0200,14.9231
2.0300,14.7692
2.0400,14.6154
2.0500,14.4615
2.0600,14.3077
2.0700,14.1538
2.0800,14.0000
2.0900,13.8462
2.1000,13.6923
2.1100,13.5385
2.1200,13.3846
2.1300,13.2308
2.1400,13.0769
2.1500,12.9231
2.1600,12.7692
2.1700,12.6154
2.1800,12.4615
2.1900,12.3077
2.2000,12.1538
2.2100,12.0000
2.2200,11.8462
2.2300,11.6923
2.2400,11.5385
2.2500,11.3846
2.2600,11.2308
2.2700,11.0769
2.2800,10.9231
2.2900,10.7692
2.3000,10.6154
2.3100,10.4615
2.3200,10.3077
2.3300,10.1538
2.3400,10.0000
2.3500,9.8462
2.3600,9.6923
2.3700,9.5385
2.3800,9.3846
2.3900,9.2308
2.4000,9.0769
2.4100,8.9231
2.4200,8.7692
2.4300,8.6154
2.4400,8.4615
2.4500,8.3077
2.4600,8.1538
2.4700,8.0000
2.4800,7.8462
2.4900,7.6923
2.5000,7.5385
2.5100,7.3846
2.5200,7.2308
2.5300,7.0769
2.5400,6.9231
2.5500,6.7692
2.5600,6.6154
2.5700,6.4615
2.5800,6.3077
2.5900,6.1538
2.6000,6.0000
2.6100,5.8462
2.6200,5.6923
2.6300,5.5385
2.6400,5.3846
2.6500,5.2308
2.6600,5.0769
2.6700,4.9231
2.6800,4.7692
2.6900,4.6154
2.7000,4.4615
2.7100,4.3077
2.7200,4.1538
2.7300,4.0000
2.7400,3.8462
2.7500,3.6923
2.7600,3.5385
2.7700,3.3846
2.7800,3.2308
2.7900,3.0769
2.8000,2.9231
2.8100,2.7692
2.8200,2.6154
2.8300,2.4615
2.8400,2.3077
2.8500,2.1538
2.8600,2.0000
2.8700,1.8462
2.8800,1.6923
2.8900,1.5385
2.9000,1.3846
2.9100,1.2308
2.9200,1.0769
2.9300,0.9231
2.9400,0.7692
2.9500,0.6154
2.9600,0.4615
2.9700,0.3077
2.9800,0.1538
2.9900,0.0000
3.0000,0.0000
3.0100,0.2256
3.0200,0.4511
3.0300,0.6767
3.0400,0.9023
3.0500,1.1278
3.0600,1.3534
3.0700,1.5789
3.0800,1.8045
3.0900,2.0301
3.1000,2.2556
3.1100,2.4812
3.1200,2.7068
3.1300,2.9323
3.1400,3.1579
3.1500,3.3835
3.1600,3.6090
3.1700,3.8346
3.1800,4.0602
3.1900,4.2857
3.2000,4.5113
3.2100,4.7368
3.2200,4.9624
3.2300,5.1880
3.2400,5.4135
3.2500,5.6391
3.2600,5.8647
3.2700,6.0902
3.2800,6.3158
3.2900,6.5414
3.3000,6.7669
3.3100,6.9925
3.3200,7.2180
3.3300,7.4436
3.3400,7.6692
3.3500,7.8947
3.3600,8.1203
3.3700,8.3459
3.3800,8.5714
3.3900,8.7970
3.4000,9.0226
3.4100,9.2481
3.4200,9.4737
3.4300,9.6992
3.4400,9.9248
3.4500,10.1504
3.4600,10.3759
3.4700,10.6015
3.4800,10.8271
3.4900,11.0526
3.5000,11.2782
3.5100,11.5038
3.5200,11.7293
3.5300,11.9549
3.5400,12.1805
3.5500,12.4060
3.5600,12.6316
3.5700,12.8571
3.5800,13.0827
3.5900,13.3083
3.6000,13.5338
3.6100,13.7594
3.6200,13.9850
3.6300,14.2105
3.6400,14.4361
3.6500,14.6617
3.6600,14.8872
3.6700,15.1128
3.6800,15.3383
3.6900,15.5639
3.7000,15.7895
3.7100,16.0150
3.7200,16.2406
3.7300,16.4662
3.7400,16.6917
3.7500,16.9173
3.7600,17.1429
3.7700,17.3684
3.7800,17.5940
3.7900,17.8195
3.8000,18.0451
3.8100,18.2707
3.8200,18.4962
3.8300,18.7218
3.8400,18.9474
3.8500,19.1729
3.8600,19.3985
3.8700,19.6241
3.8800,19.8496
3.8900,20.0752
3.9000,20.3008
3.9100,20.5263
3.9200,20.7519
3.9300,20.9774
3.9400,21.2030
3.9500,21.4286
3.9600,21.6541
3.9700,21.8797
3.9800,22.1053
3.9900,22.3308
4.0000,22.5564
4.0100,22.7820
4.0200,23.0075
4.0300,23.2331
4.0400,23.4586
4.0500,23.6842
4.0600,23.9098
4.0700,24.1353
4.0800,24.3609
4.0900,24.5865
4.1000,24.8120
4.1100,25.0376
4.1200,25.2632
4.1300,25.4887
4.1400,25.7143
4.1500,25.9398
4.1600,26.1654
4.1700,26.3910
4.1800,26.6165
4.1900,26.8421
4.2000,27.0677
4.2100,27.2932
4.2200,27.5188
4.2300,27.7444
4.2400,27.9699
4.2500,28.1955
4.2600,28.4211
4.2700,28.6466
4.2800,28.8722
4.2900,29.0977
4.3000,29.3233
4.3100,29.5489
4.3200,29.7744
4.3300,30.0000
4.3400,30.2256
4.3500,30.4511
4.3600,30.6767
4.3700,30.9023
4.3800,31.1278
4.3900,31.3534
4.4000,31.5789
4.4100,31.8045
4.4200,32.0301
4.4300,32.2556
4.4400,32.4812
4.4500,32.7068
4.4600,32.9323
4.4700,33.1579
4.4800,33.3835
4.4900,33.6090
4.5000,33.8346
4.5100,34.0602
4.5200,34.2857
4.5300,34.5113
4.5400,34.7368
4.5500,34.9624
4.5600,35.1880
4.5700,35.4135
4.5800,35.6391
4.5900,35.8647
4.6000,36.0902
4.6100,36.3158
4.6200,36.5414
4.6300,36.7669
4.6400,36.9925
4.6500,37.2180
4.6600,37.4436
4.6700,37.6692
4.6800,37.8947
4.6900,38.1203
4.7000,38.3459
4.7100,38.5714
4.7200,38.7970
4.7300,39.0226
4.7400,39.2481
4.7500,39.4737
4.7600,39.6992
4.7700,39.9248
4.7800,40.1504
4.7900,40.3759
4.8000,40.6015
4.8100,40.8271
4.8200,41.0526
4.8300,41.2782
4.8400,41.5038
4.8500,41.7293
4.8600,41.9549
4.8700,42.1805
4.8800,42.4060
4.8900,42.6316
4.9000,42.8571
4.9100,43.0827
4.9200,43.3083
4.9300,43.5338
4.9400,43.7594
4.9500,43.9850
4.9600,44.2105
4.9700,44.4361
4.9800,44.6617
4.9900,44.8872
5.0000,45.1128
5.0100,45.3383
5.0200,45.5639
5.0300,45.7895
5.0400,46.0150
5.0500,46.2406
5.0600,46.4662
5.0700,46.6917
5.0800,46.9173
5.0900,47.1429
5.1000,47.3684
5.1100,47.5940
5.1200,47.8195
5.1300,48.0451
5.1400,48.2707
5.1500,48.4962
5.1600,48.7218
5.1700,48.9474
5.1800,49.1729
5.1900,49.3985
5.2000,49.6241
5.2100,49.8496
5.2200,50.0752
5.2300,50.3008
5.2400,50.5263
5.2500,50.7519
5.2600,50.9774
5.2700,51.2030
5.2800,51.4286
5.2900,51.6541
5.3000,51.8797
5.3100,52.1053
5.3200,52.3308
5.3300,52.5564
5.3400,52.7820
5.3500,53.0075
5.3600,53.2331
5.3700,53.4586
5.3800,53.6842
5.3900,53.9098
5.4000,54.1353
5.4100,54.3609
5.4200,54.5865
5.4300,54.8120
5.4400,55.0376
5.4500,55.2632
5.4600,55.4887
5.4700,55.7143
5.4800,55.9398
5.4900,56.1654
5.5000,56.3910
5.5100,56.6165
5.5200,56.8421
5.5300,57.0677
5.5400,57.2932
5.5500,57.5188
5.5600,57.7444
5.5700,57.9699
5.5800,58.1955
5.5900,58.4211
5.6000,58.6466
5.6100,58.8722
5.6200,59.0977
5.6300,59.3233
5.6400,59.5489
5.6500,59.7744
5.6600,60.0000
5.6700,60.2256
5.6800,60.4511
5.6900,60.6767
5.7000,60.9023
5.7100,61.1278
5.7200,61.3534
5.7300,61.5789
5.7400,61.8045
5.7500,62.0301
5.7600,62.2556
5.7700,62.4812
5.7800,62.7068
5.7900,62.9323
5.8000,63.1579
5.8100,63.3835
5.8200,63.6090
5.8300,63.8346
5.8400,64.0602
5.8500,64.2857
5.8600,64.5113
5.8700,64.7368
5.8800,64.9624
5.8900,65.1880
5.9000,65.4135
5.9100,65.6391
5.9200,65.8647
5.9300,66.0902
5.9400,66.3158
5.9500,66.5414
5.9600,66.7669
5.9700,66.9925
5.9800,67.2180
5.9900,67.4436
6.0000,67.6692
6.0100,67.8947
6.0200,68.1203
6.0300,68.3459
6.0400,68.5714
6.0500,68.7970
6.0600,69.0226
6.0700,69.2481
6.0800,69.4737
6.0900,69.6992
6.1000,69.9248
6.1100,70.1504
6.1200,70.3759
6.1300,70.6015
6.1400,70.8271
6.1500,71.0526
6.1600,71.2782
6.1700,71.5038
6.1800,71.7293
6.1900,71.9549
6.2000,72.1805
6.2100,72.4060
6.2200,72.6316
6.2300,72.8571
6.2400,73.0827
6.2500,73.3083
6.2600,73.5338
6.2700,73.7594
6.2800,73.9850
6.2900,74.2105
6.3000,74.4361
6.3100,74.6617
6.3200,74.8872
6.3300,75.1128
6.3400,75.3383
6.3500,75.5639
6.3600,75.7895
6.3700,76.0150
6.3800,76.2406
6.3900,76.4662
6.4000,76.6917
6.4100,76.9173
6.4200,77.1429
6.4300,77.3684
6.4400,77.5940
6.4500,77.8195
6.4600,78.0451
6.4700,78.2707
6.4800,78.4962
6.4900,78.7218
6.5000,78.9474
6.5100,79.1729
6.5200,79.3985
6.5300,79.6241
6.5400,79.8496
6.5500,80.0752
6.5600,80.3008
6.5700,80.5263
6.5800,80.7519
6.5900,80.9774
6.6000,81.2030
6.6100,81.4286
6.6200,81.6541
6.6300,81.8797
6.6400,82.1053
6.6500,82.3308
6.6600,82.5564
6.6700,82.7820
6.6800,83.0075
6.6900,83.2331
6.7000,83.4586
6.7100,83.6842
6.7200,83.9098
6.7300,84.1353
6.7400,84.3609
6.7500,84.5865
6.7600,84.8120
6.7700,85.0376
6.7800,85.2632
6.7900,85.4887
6.8000,85.7143
6.8100,85.9398
6.8200,86.1654
6.8300,86.3910
6.8400,86.6165
6.8500,86.8421
6.8600,87.0677
6.8700,87.2932
6.8800,87.5188
6.8900,87.7444
6.9000,87.9699
6.9100,88.1955
6.9200,88.4211
6.9300,88.6466
6.9400,88.8722
6.9500,89.0977
6.9600,89.3233
6.9700,89.5489
6.9800,89.7744
6.9900,90.0000
7.0000,90.0000
7.0100,90.0000
7.0200,90.0000
7.0300,90.0000
7.0400,90.0000
7.0500,90.0000
7.0600,90.0000
7.0700,90.0000
7.0800,90.0000
7.0900,90.0000
7.1000,90.0000
7.1100,90.0000
7.1200,90.0000
7.1300,90.0000
7.1400,90.0000
7.1500,90.0000
7.1600,90.0000
7.1700,90.0000
7.1800,90.0000
7.1900,90.0000
7.2000,90.0000
7.2100,90.0000
7.2200,90.0000
7.2300,90.0000
7.2400,90.0000
7.2500,90.0000
7.2600,90.0000
7.2700,90.0000
7.2800,90.0000
7.2900,90.0000
7.3000,90.0000
7.3100,90.0000
7.3200,90.0000
7.3300,90.0000
7.3400,90.0000
7.3500,90.0000
7.3600,90.0000
7.3700,90.0000
7.3800,90.0000
7.3900,90.0000
7.4000,90.0000
7.4100,90.0000
7.4200,90.0000
7.4300,90.0000
7.4400,90.0000
7.4500,90.0000
7.4600,90.0000
7.4700,90.0000
7.4800,90.0000
7.4900,90.0000
7.5000,90.0000
7.5100,90.0000
7.5200,90.0000
7.5300,90.0000
7.5400,90.0000
7.5500,90.0000
7.5600,90.0000
7.5700,90.0000
7.5800,90.0000
7.5900,90.0000
7.6000,90.0000
7.6100,90.0000
7.6200,90.0000
7.6300,90.0000
7.6400,90.0000
7.6500,90.0000
7.6600,90.0000
7.6700,90.0000
7.6800,90.0000
7.6900,90.0000
7.7000,90.0000
7.7100,90.0000
7.7200,90.0000
7.7300,90.0000
7.7400,90.0000
7.7500,90.0000
7.7600,90.0000
7.7700,90.0000
7.7800,90.0000
7.7900,90.0000
7.8000,90.0000
7.8100,90.0000
7.8200,90.0000
7.8300,90.0000
7.8400,90.0000
7.8500,90.0000
7.8600,90.0000
7.8700,90.0000
7.8800,90.0000
7.8900,90.0000
7.9000,90.0000
7.9100,90.0000
7.9200,90.0000
7.9300,90.0000
7.9400,90.0000
7.9500,90.0000
7.9600,90.0000
7.9700,90.0000
7.9800,90.0000
7.9900,90.0000
8.0000,90.0000
8.0100,90.0000
8.0200,90.0000
8.0300,90.0000
8.0400,90.0000
8.0500,90.0000
8.0600,90.0000
8.0700,90.0000
8.0800,90.0000
8.0900,90.0000
8.1000,90.0000
8.1100,90.0000
8.1200,90.0000
8.1300,90.0000
8.1400,90.0000
8.1500,90.0000
8.1600,90.0000
8.1700,90.0000
8.1800,90.0000
8.1900,90.0000
8.2000,90.0000
8.2100,90.0000
8.2200,90.0000
8.2300,90.0000
8.2400,90.0000
8.2500,90.0000
8.2600,90.0000
8.2700,90.0000
8.2800,90.0000
8.2900,90.0000
8.3000,90.0000
8.3100,90.0000
8.3200,90.0000
8.3300,90.0000
8.3400,90.0000
8.3500,90.0000
8.3600,90.0000
8.3700,90.0000
8.3800,90.0000
8.3900,90.0000
8.4000,90.0000
8.4100,90.0000
8.4200,90.0000
8.4300,90.0000
8.4400,90.0000
8.4500,90.0000
8.4600,90.0000
8.4700,90.0000
8.4800,90.0000
8.4900,90.0000
8.5000,90.0000
8.5100,90.0000
8.5200,90.0000
8.5300,90.0000
8.5400,90.0000
8.5500,90.0000
8.5600,90.0000
8.5700,90.0000
8.5800,90.0000
8.5900,90.0000
8.6000,90.0000
8.6100,90.0000
8.6200,90.0000
8.6300,90.0000
8.6400,90.0000
8.6500,90.0000
8.6600,90.0000
8.6700,90.0000
8.6800,90.0000
8.6900,90.0000
8.7000,90.0000
8.7100,90.0000
8.7200,90.0000
8.7300,90.0000
8.7400,90.0000
8.7500,90.0000
8.7600,90.0000
8.7700,90.0000
8.7800,90.0000
8.7900,90.0000
8.8000,90.0000
8.8100,90.0000
8.8200,90.0000
8.8300,90.0000
8.8400,90.0000
8.8500,90.0000
8.8600,90.0000
8.8700,90.0000
8.8800,90.0000
8.8900,90.0000
8.9000,90.0000
8.9100,90.0000
8.9200,90.0000
8.9300,90.0000
8.9400,90.0000
8.9500,90.0000
8.9600,90.0000
8.9700,90.0000
8.9800,90.0000
8.9900,90.0000
9.0000,90.0000
9.0100,89.5477
9.0200,89.0955
9.0300,88.6432
9.0400,88.1910
9.0500,87.7387
9.0600,87.2864
9.0700,86.8342
9.0800,86.3819
9.0900,85.9296
9.1000,85.4774
9.1100,85.0251
9.1200,84.5729
9.1300,84.1206
9.1400,83.6683
9.1500,83.2161
9.1600,82.7638
9.1700,82.3116
9.1800,81.8593
9.1900,81.4070
9.2000,80.9548
9.2100,80.5025
9.2200,80.0503
9.2300,79.5980
9.2400,79.1457
9.2500,78.6935
9.2600,78.2412
9.2700,77.7889
9.2800,77.3367
9.2900,76.8844
9.3000,76.4322
9.3100,75.9799
9.3200,75.5276
9.3300,75.0754
9.3400,74.6231
9.3500,74.1709
9.3600,73.7186
9.3700,73.2663
9.3800,72.8141
9.3900,72.3618
9.4000,71.9095
9.4100,71.4573
9.4200,71.0050
9.4300,70.5528
9.4400,70.1005
9.4500,69.6482
9.4600,69.1960
9.4700,68.7437
9.4800,68.2915
9.4900,67.8392
9.5000,67.3869
9.5100,66.9347
9.5200,66.4824
9.5300,66.0302
9.5400,65.5779
9.5500,65.1256
9.5600,64.6734
9.5700,64.2211
9.5800,63.7688
9.5900,63.3166
9.6000,62.8643
9.6100,62.4121
9.6200,61.9598
9.6300,61.5075
9.6400,61.0553
9.6500,60.6030
9.6600,60.1508
9.6700,59.6985
9.6800,59.2462
9.6900,58.7940
9.7000,58.3417
9.7100,57.8894
9.7200,57.4372
9.7300,56.9849
9.7400,56.5327
9.7500,56.0804
9.7600,55.6281
9.7700,55.1759
9.7800,54.7236
9.7900,54.2714
9.8000,53.8191
9.8100,53.3668
9.8200,52.9146
9.8300,52.4623
9.8400,52.0101
9.8500,51.5578
9.8600,51.1055
9.8700,50.6533
9.8800,50.2010
9.8900,49.7487
9.9000,49.2965
9.9100,48.8442
9.9200,48.3920
9.9300,47.9397
9.9400,47.4874
9.9500,47.0352
9.9600,46.5829
9.9700,46.1307
9.9800,45.6784
9.9900,45.2261
10.0000,44.7739
10.0100,44.3216
10.0200,43.8693
10.0300,43.4171
10.0400,42.9648
10.0500,42.5126
10.0600,42.0603
10.0700,41.6080
10.0800,41.1558
10.0900,40.7035
10.1000,40.2513
10.1100,39.7990
10.1200,39.3467
10.1300,38.8945
10.1400,38.4422
10.1500,37.9899
10.1600,37.5377
10.1700,37.0854
10.1800,36.6332
10.1900,36.1809
10.2000,35.7286
10.2100,35.2764
10.2200,34.8241
10.2300,34.3719
10.2400,33.9196
10.2500,33.4673
10.2600,33.0151
10.2700,32.5628
10.2800,32.1106
10.2900,31.6583
10.3000,31.2060
10.3100,30.7538
10.3200,30.3015
10.3300,29.8492
10.3400,29.3970
10.3500,28.9447
10.3600,28.4925
10.3700,28.0402
10.3800,27.5879
10.3900,27.1357
10.4000,26.6834
10.4100,26.2312
10.4200,25.7789
10.4300,25.3266
10.4400,24.8744
10.4500,24.4221
10.4600,23.9698
10.4700,23.5176
10.4800,23.0653
10.4900,22.6131
10.5000,22.1608
10.5100,21.7085
10.5200,21.2563
10.5300,20.8040
10.5400,20.3518
10.5500,19.8995
10.5600,19.4472
10.5700,18.9950
10.5800,18.5427
10.5900,18.0905
10.6000,17.6382
10.6100,17.1859
10.6200,16.7337
10.6300,16.2814
10.6400,15.8291
10.6500,15.3769
10.6600,14.9246
10.6700,14.4724
10.6800,14.0201
10.6900,13.5678
10.7000,13.1156
10.7100,12.6633
10.7200,12.2111
10.7300,11.7588
10.7400,11.3065
10.7500,10.8543
10.7600,10.4020
10.7700,9.9497
10.7800,9.4975
10.7900,9.0452
10.8000,8.5930
10.8100,8.1407
10.8200,7.6884
10.8300,7.2362
10.8400,6.7839
10.8500,6.3317
10.8600,5.8794
10.8700,5.4271
10.8800,4.9749
10.8900,4.5226
10.9000,4.0704
10.9100,3.6181
10.9200,3.1658
10.9300,2.7136
10.9400,2.2613
10.9500,1.8090
10.9600,1.3568
10.9700,0.9045
10.9800,0.4523
10.9900,0.0000
11.0000,0.0000
11.0100,0.4523
11.0200,0.9045
11.0300,1.3568
11.0400,1.8090
11.0500,2.2613
11.0600,2.7136
11.0700,3.1658
11.0800,3.6181
11.0900,4.0704
11.1000,4.5226
11.1100,4.9749
11.1200,5.4271
11.1300,5.8794
11.1400,6.3317
11.1500,6.7839
11.1600,7.2362
11.1700,7.6884
11.1800,8.1407
11.1900,8.5930
11.2000,9.0452
11.2100,9.4975
11.2200,9.9497
11.2300,10.4020
11.2400,10.8543
11.2500,11.3065
11.2600,11.7588
11.2700,12.2111
11.2800,12.6633
11.2900,13.1156
11.3000,13.5678
11.3100,14.0201
11.3200,14.4724
11.3300,14.9246
11.3400,15.3769
11.3500,15.8291
11.3600,16.2814
11.3700,16.7337
11.3800,17.1859
11.3900,17.6382
11.4000,18.0905
11.4100,18.5427
11.4200,18.9950
11.4300,19.4472
11.4400,19.8995
11.4500,20.3518
11.4600,20.8040
11.4700,21.2563
11.4800,21.7085
11.4900,22.1608
11.5000,22.6131
11.5100,23.0653
11.5200,23.5176
11.5300,23.9698
11.5400,24.4221
11.5500,24.8744
11.5600,25.3266
11.5700,25.7789
11.5800,26.2312
11.5900,26.6834
11.6000,27.1357
11.6100,27.5879
11.6200,28.0402
11.6300,28.4925
11.6400,28.9447
11.6500,29.3970
11.6600,29.8492
11.6700,30.3015
11.6800,30.7538
11.6900,31.2060
11.7000,31.6583
11.7100,32.1106
11.7200,32.5628
11.7300,33.0151
11.7400,33.4673
11.7500,33.9196
11.7600,34.3719
11.7700,34.8241
11.7800,35.2764
11.7900,35.7286
11.8000,36.1809
11.8100,36.6332
11.8200,37.0854
11.8300,37.5377
11.8400,37.9899
11.8500,38.4422
11.8600,38.8945
11.8700,39.3467
11.8800,39.7990
11.8900,40.2513
11.9000,40.7035
11.9100,41.1558
11.9200,41.6080
11.9300,42.0603
11.9400,42.5126
11.9500,42.9648
11.9600,43.4171
11.9700,43.8693
11.9800,44.3216
11.9900,44.7739
12.0000,45.2261
12.0100,45.6784
12.0200,46.1307
12.0300,46.5829
12.0400,47.0352
12.0500,47.4874
12.0600,47.9397
12.0700,48.3920
12.0800,48.8442
12.0900,49.2965
12.1000,49.7487
12.1100,50.2010
12.1200,50.6533
12.1300,51.1055
12.1400,51.5578
12.1500,52.0101
12.1600,52.4623
12.1700,52.9146
12.1800,53.3668
12.1900,53.8191
12.2000,54.2714
12.2100,54.7236
12.2200,55.1759
12.2300,55.6281
12.2400,56.0804
12.2500,56.5327
12.2600,56.9849
12.2700,57.4372
12.2800,57.8894
12.2900,58.3417
12.3000,58.7940
12.3100,59.2462
12.3200,59.6985
12.3300,60.1508
12.3400,60.6030
12.3500,61.0553
12.3600,61.5075
12.3700,61.9598
12.3800,62.4121
12.3900,62.8643
12.4000,63.3166
12.4100,63.7688
12.4200,64.2211
12.4300,64.6734
12.4400,65.1256
12.4500,65.5779
12.4600,66.0302
12.4700,66.4824
12.4800,66.9347
12.4900,67.3869
12.5000,67.8392
12.5100,68.2915
12.5200,68.7437
12.5300,69.1960
12.5400,69.6482
12.5500,70.1005
12.5600,70.5528
12.5700,71.0050
12.5800,71.4573
12.5900,71.9095
12.6000,72.3618
12.6100,72.8141
12.6200,73.2663
12.6300,73.7186
12.6400,74.1709
12.6500,74.6231
12.6600,75.0754
12.6700,75.5276
12.6800,75.9799
12.6900,76.4322
12.7000,76.8844
12.7100,77.3367
12.7200,77.7889
12.7300,78.2412
12.7400,78.6935
12.7500,79.1457
12.7600,79.5980
12.7700,80.0503
12.7800,80.5025
12.7900,80.9548
12.8000,81.4070
12.8100,81.8593
12.8200,82.3116
12.8300,82.7638
12.8400,83.2161
12.8500,83.6683
12.8600,84.1206
12.8700,84.5729
12.8800,85.0251
12.8900,85.4774
12.9000,85.9296
12.9100,86.3819
12.9200,86.8342
12.9300,87.2864
12.9400,87.7387
12.9500,88.1910
12.9600,88.6432
12.9700,89.0955
12.9800,89.5477
12.9900,90.0000
13.0000,90.0000
13.0100,89.5477
13.0200,89.0955
13.0300,88.6432
13.0400,88.1910
13.0500,87.7387
13.0600,87.2864
13.0700,86.8342
13.0800,86.3819
13.0900,85.9296
13.1000,85.4774
13.1100,85.0251
13.1200,84.5729
13.1300,84.1206
13.1400,83.6683
13.1500,83.2161
13.1600,82.7638
13.1700,82.3116
13.1800,81.8593
13.1900,81.4070
13.2000,80.9548
13.2100,80.5025
13.2200,80.0503
13.2300,79.5980
13.2400,79.1457
13.2500,78.6935
13.2600,78.2412
13.2700,77.7889
13.2800,77.3367
13.2900,76.8844
13.3000,76.4322
13.3100,75.9799
13.3200,75.5276
13.3300,75.0754
13.3400,74.6231
13.3500,74.1709
13.3600,73.7186
13.3700,73.2663
13.3800,72.8141
13.3900,72.3618
13.4000,71.9095
13.4100,71.4573
13.4200,71.0050
13.4300,70.5528
13.4400,70.1005
13.4500,69.6482
13.4600,69.1960
13.4700,68.7437
13.4800,68.2915
13.4900,67.8392
13.5000,67.3869
13.5100,66.9347
13.5200,66.4824
13.5300,66.0302
13.5400,65.5779
13.5500,65.1256
13.5600,64.6734
13.5700,64.2211
13.5800,63.7688
13.5900,63.3166
13.6000,62.8643
13.6100,62.4121
13.6200,61.9598
13.6300,61.5075
13.6400,61.0553
13.6500,60.6030
13.6600,60.1508
13.6700,59.6985
13.6800,59.2462
13.6900,58.7940
13.7000,58.3417
13.7100,57.8894
13.7200,57.4372
13.7300,56.9849
13.7400,56.5327
13.7500,56.0804
13.7600,55.6281
13.7700,55.1759
13.7800,54.7236
13.7900,54.2714
13.8000,53.8191
13.8100,53.3668
13.8200,52.9146
13.8300,52.4623
13.8400,52.0101
13.8500,51.5578
13.8600,51.1055
13.8700,50.6533
13.8800,50.2010
13.8900,49.7487
13.9000,49.2965
13.9100,48.8442
13.9200,48.3920
13.9300,47.9397
13.9400,47.4874
13.9500,47.0352
13.9600,46.5829
13.9700,46.1307
13.9800,45.6784
13.9900,45.2261
14.0000,44.7739
14.0100,44.3216
14.0200,43.8693
14.0300,43.4171
14.0400,42.9648
14.0500,42.5126
14.0600,42.0603
14.0700,41.6080
14.0800,41.1558
14.0900,40.7035
14.1000,40.2513
14.1100,39.7990
14.1200,39.3467
14.1300,38.8945
14.1400,38.4422
14.1500,37.9899
14.1600,37.5377
14.1700,37.0854
14.1800,36.6332
14.1900,36.1809
14.2000,35.7286
14.2100,35.2764
14.2200,34.8241
14.2300,34.3719
14.2400,33.9196
14.2500,33.4673
14.2600,33.0151
14.2700,32.5628
14.2800,32.1106
14.2900,31.6583
14.3000,31.2060
14.3100,30.7538
14.3200,30.3015
14.3300,29.8492
14.3400,29.3970
14.3500,28.9447
14.3600,28.4925
14.3700,28.0402
14.3800,27.5879
14.3900,27.1357
14.4000,26.6834
14.4100,26.2312
14.4200,25.7789
14.4300,25.3266
14.4400,24.8744
14.4500,24.4221
14.4600,23.9698
14.4700,23.5176
14.4800,23.0653
14.4900,22.6131
14.5000,22.1608
14.5100,21.7085
14.5200,21.2563
14.5300,20.8040
14.5400,20.3518
14.5500,19.8995
14.5600,19.4472
14.5700,18.9950
14.5800,18.5427
14.5900,18.0905
14.6000,17.6382
14.6100,17.1859
14.6200,16.7337
14.6300,16.2814
14.6400,15.8291
14.6500,15.3769
14.6600,14.9246
14.6700,14.4724
14.6800,14.0201
14.6900,13.5678
14.7000,13.1156
14.7100,12.6633
14.7200,12.2111
14.7300,11.7588
14.7400,11.3065
14.7500,10.8543
14.7600,10.4020
14.7700,9.9497
14.7800,9.4975
14.7900,9.0452
14.8000,8.5930
14.8100,8.1407
14.8200,7.6884
14.8300,7.2362
14.8400,6.7839
14.8500,6.3317
14.8600,5.8794
14.8700,5.4271
14.8800,4.9749
14.8900,4.5226
14.9000,4.0704
14.9100,3.6181
14.9200,3.1658
14.9300,2.7136
14.9400,2.2613
14.9500,1.8090
14.9600,1.3568
14.9700,0.9045
14.9800,0.4523
14.9900,0.0000
15.0000,0.0000
15.0100,0.4523
15.0200,0.9045
15.0300,1.3568
15.0400,1.8090
15.0500,2.2613
15.0600,2.7136
15.0700,3.1658
15.0800,3.6181
15.0900,4.0704
15.1000,4.5226
15.1100,4.9749
15.1200,5.4271
15.1300,5.8794
15.1400,6.3317
15.1500,6.7839
15.1600,7.2362
15.1700,7.6884
15.1800,8.1407
15.1900,8.5930
15.2000,9.0452
15.2100,9.4975
15.2200,9.9497
15.2300,10.4020
15.2400,10.8543
15.2500,11.3065
15.2600,11.7588
15.2700,12.2111
15.2800,12.6633
15.2900,13.1156
15.3000,13.5678
15.3100,14.0201
15.3200,14.4724
15.3300,14.9246
15.3400,15.3769
15.3500,15.8291
15.3600,16.2814
15.3700,16.7337
15.3800,17.1859
15.3900,17.6382
15.4000,18.0905
15.4100,18.5427
15.4200,18.9950
15.4300,19.4472
15.4400,19.8995
15.4500,20.3518
15.4600,20.8040
15.4700,21.2563
15.4800,21.7085
15.4900,22.1608
15.5000,22.6131
15.5100,23.0653
15.5200,23.5176
15.5300,23.9698
15.5400,24.4221
15.5500,24.8744
15.5600,25.3266
15.5700,25.7789
15.5800,26.2312
15.5900,26.6834
15.6000,27.1357
15.6100,27.5879
15.6200,28.0402
15.6300,28.4925
15.6400,28.9447
15.6500,29.3970
15.6600,29.8492
15.6700,30.3015
15.6800,30.7538
15.6900,31.2060
15.7000,31.6583
15.7100,32.1106
15.7200,32.5628
15.7300,33.0151
15.7400,33.4673
15.7500,33.9196
15.7600,34.3719
15.7700,34.8241
15.7800,35.2764
15.7900,35.7286
15.8000,36.1809
15.8100,36.6332
15.8200,37.0854
15.8300,37.5377
15.8400,37.9899
15.8500,38.4422
15.8600,38.8945
15.8700,39.3467
15.8800,39.7990
15.8900,40.2513
15.9000,40.7035
15.9100,41.1558
15.9200,41.6080
15.9300,42.0603
15.9400,42.5126
15.9500,42.9648
15.9600,43.4171
15.9700,43.8693
15.9800,44.3216
15.9900,44.7739
16.0000,45.2261
16.0100,45.6784
16.0200,46.1307
16.0300,46.5829
16.0400,47.0352
16.0500,47.4874
16.0600,47.9397
16.0700,48.3920
16.0800,48.8442
16.0900,49.2965
16.1000,49.7487
16.1100,50.2010
16.1200,50.6533
16.1300,51.1055
16.1400,51.5578
16.1500,52.0101
16.1600,52.4623
16.1700,52.9146
16.1800,53.3668
16.1900,53.8191
16.2000,54.2714
16.2100,54.7236
16.2200,55.1759
16.2300,55.6281
16.2400,56.0804
16.2500,56.5327
16.2600,56.9849
16.2700,57.4372
16.2800,57.8894
16.2900,58.3417
16.3000,58.7940
16.3100,59.2462
16.3200,59.6985
16.3300,60.1508
16.3400,60.6030
16.3500,61.0553
16.3600,61.5075
16.3700,61.9598
16.3800,62.4121
16.3900,62.8643
16.4000,63.3166
16.4100,63.7688
16.4200,64.2211
16.4300,64.6734
16.4400,65.1256
16.4500,65.5779
16.4600,66.0302
16.4700,66.4824
16.4800,66.9347
16.4900,67.3869
16.5000,67.8392
16.5100,68.2915
16.5200,68.7437
16.5300,69.1960
16.5400,69.6482
16.5500,70.1005
16.5600,70.5528
16.5700,71.0050
16.5800,71.4573
16.5900,71.9095
16.6000,72.3618
16.6100,72.8141
16.6200,73.2663
16.6300,73.7186
16.6400,74.1709
16.6500,74.6231
16.6600,75.0754
16.6700,75.5276
16.6800,75.9799
16.6900,76.4322
16.7000,76.8844
16.7100,77.3367
16.7200,77.7889
16.7300,78.2412
16.7400,78.6935
16.7500,79.1457
16.7600,79.5980
16.7700,80.0503
16.7800,80.5025
16.7900,80.9548
16.8000,81.4070
16.8100,81.8593
16.8200,82.3116
16.8300,82.7638
16.8400,83.2161
16.8500,83.6683
16.8600,84.1206
16.8700,84.5729
16.8800,85.0251
16.8900,85.4774
16.9000,85.9296
16.9100,86.3819
16.9200,86.8342
16.9300,87.2864
16.9400,87.7387
16.9500,88.1910
16.9600,88.6432
16.9700,89.0955
16.9800,89.5477
16.9900,90.0000
17.0000,90.0000
17.0100,89.5477
17.0200,89.0955
17.0300,88.6432
17.0400,88.1910
17.0500,87.7387
17.0600,87.2864
17.0700,86.8342
17.0800,86.3819
17.0900,85.9296
17.1000,85.4774
17.1100,85.0251
17.1200,84.5729
17.1300,84.1206
17.1400,83.6683
17.1500,83.2161
17.1600,82.7638
17.1700,82.3116
17.1800,81.8593
17.1900,81.4070
17.2000,80.9548
17.2100,80.5025
17.2200,80.0503
17.2300,79.5980
17.2400,79.1457
17.2500,78.6935
17.2600,78.2412
17.2700,77.7889
17.2800,77.3367
17.2900,76.8844
17.3000,76.4322
17.3100,75.9799
17.3200,75.5276
17.3300,75.0754
17.3400,74.6231
17.3500,74.1709
17.3600,73.7186
17.3700,73.2663
17.3800,72.8141
17.3900,72.3618
17.4000,71.9095
17.4100,71.4573
17.4200,71.0050
17.4300,70.5528
17.4400,70.1005
17.4500,69.6482
17.4600,69.1960
17.4700,68.7437
17.4800,68.2915
17.4900,67.8392
17.5000,67.3869
17.5100,66.9347
17.5200,66.4824
17.5300,66.0302
17.5400,65.5779
17.5500,65.1256
17.5600,64.6734
17.5700,64.2211
17.5800,63.7688
17.5900,63.3166
17.6000,62.8643
17.6100,62.4121
17.6200,61.9598
17.6300,61.5075
17.6400,61.0553
17.6500,60.6030
17.6600,60.1508
17.6700,59.6985
17.6800,59.2462
17.6900,58.7940
17.7000,58.3417
17.7100,57.8894
17.7200,57.4372
17.7300,56.9849
17.7400,56.5327
17.7500,56.0804
17.7600,55.6281
17.7700,55.1759
17.7800,54.7236
17.7900,54.2714
17.8000,53.8191
17.8100,53.3668
17.8200,52.9146
17.8300,52.4623
17.8400,52.0101
17.8500,51.5578
17.8600,51.1055
17.8700,50.6533
17.8800,50.2010
17.8900,49.7487
17.9000,49.2965
17.9100,48.8442
17.9200,48.3920
17.9300,47.9397
17.9400,47.4874
17.9500,47.0352
17.9600,46.5829
17.9700,46.1307
17.9800,45.6784
17.9900,45.2261
18.0000,44.7739
18.0100,44.3216
18.0200,43.8693
18.0300,43.4171
18.0400,42.9648
18.0500,42.5126
18.0600,42.0603
18.0700,41.6080
18.0800,41.1558
18.0900,40.7035
18.1000,40.2513
18.1100,39.7990
18.1200,39.3467
18.1300,38.8945
18.1400,38.4422
18.1500,37.9899
18.1600,37.5377
18.1700,37.0854
18.1800,36.6332
18.1900,36.1809
18.2000,35.7286
18.2100,35.2764
18.2200,34.8241
18.2300,34.3719
18.2400,33.9196
18.2500,33.4673
18.2600,33.0151
18.2700,32.5628
18.2800,32.1106
18.2900,31.6583
18.3000,31.2060
18.3100,30.7538
18.3200,30.3015
18.3300,29.8492
18.3400,29.3970
18.3500,28.9447
18.3600,28.4925
18.3700,28.0402
18.3800,27.5879
18.3900,27.1357
18.4000,26.6834
18.4100,26.2312
18.4200,25.7789
18.4300,25.3266
18.4400,24.8744
18.4500,24.4221
18.4600,23.9698
18.4700,23.5176
18.4800,23.0653
18.4900,22.6131
18.5000,22.1608
18.5100,21.7085
18.5200,21.2563
18.5300,20.8040
18.5400,20.3518
18.5500,19.8995
18.5600,19.4472
18.5700,18.9950
18.5800,18.5427
18.5900,18.0905
18.6000,17.6382
18.6100,17.1859
18.6200,16.7337
18.6300,16.2814
18.6400,15.8291
18.6500,15.3769
18.6600,14.9246
18.6700,14.4724
18.6800,14.0201
18.6900,13.5678
18.7000,13.1156
18.7100,12.6633
18.7200,12.2111
18.7300,11.7588
18.7400,11.3065
18.7500,10.8543
18.7600,10.4020
18.7700,9.9497
18.7800,9.4975
18.7900,9.0452
18.8000,8.5930
18.8100,8.1407
18.8200,7.6884
18.8300,7.2362
18.8400,6.7839
18.8500,6.3317
18.8600,5.8794
18.8700,5.4271
18.8800,4.9749
18.8900,4.5226
18.9000,4.0704
18.9100,3.6181
18.9200,3.1658
18.9300,2.7136
18.9400,2.2613
18.9500,1.8090
18.9600,1.3568
18.9700,0.9045
18.9800,0.4523
18.9900,0.0000
19.0000,0.0000
19.0100,0.4523
19.0200,0.9045
19.0300,1.3568
19.0400,1.8090
19.0500,2.2613
19.0600,2.7136
19.0700,3.1658
19.0800,3.6181
19.0900,4.0704
19.1000,4.5226
19.1100,4.9749
19.1200,5.4271
19.1300,5.8794
19.1400,6.3317
19.1500,6.7839
19.1600,7.2362
19.1700,7.6884
19.1800,8.1407
19.1900,8.5930
19.2000,9.0452
19.2100,9.4975
19.2200,9.9497
19.2300,10.4020
19.2400,10.8543
19.2500,11.3065
19.2600,11.7588
19.2700,12.2111
19.2800,12.6633
19.2900,13.1156
19.3000,13.5678
19.3100,14.0201
19.3200,14.4724
19.3300,14.9246
19.3400,15.3769
19.3500,15.8291
19.3600,16.2814
19.3700,16.7337
19.3800,17.1859
19.3900,17.6382
19.4000,18.0905
19.4100,18.5427
19.4200,18.9950
19.4300,19.4472
19.4400,19.8995
19.4500,20.3518
19.4600,20.8040
19.4700,21.2563
19.4800,21.7085
19.4900,22.1608
19.5000,22.6131
19.5100,23.0653
19.5200,23.5176
19.5300,23.9698
19.5400,24.4221
19.5500,24.8744
19.5600,25.3266
19.5700,25.7789
19.5800,26.2312
19.5900,26.6834
19.6000,27.1357
19.6100,27.5879
19.6200,28.0402
19.6300,28.4925
19.6400,28.9447
19.6500,29.3970
19.6600,29.8492
19.6700,30.3015
19.6800,30.7538
19.6900,31.2060
19.7000,31.6583
19.7100,32.1106
19.7200,32.5628
19.7300,33.0151
19.7400,33.4673
19.7500,33.9196
19.7600,34.3719
19.7700,34.8241
19.7800,35.2764
19.7900,35.7286
19.8000,36.1809
19.8100,36.6332
19.8200,37.0854
19.8300,37.5377
19.8400,37.9899
19.8500,38.4422
19.8600,38.8945
19.8700,39.3467
19.8800,39.7990
19.8900,40.2513
19.9000,40.7035
19.9100,41.1558
19.9200,41.6080
19.9300,42.0603
19.9400,42.5126
19.9500,42.9648
19.9600,43.4171
19.9700,43.8693
19.9800,44.3216
19.9900,44.7739
20.0000,45.2261
20.0100,45.6784
20.0200,46.1307
20.0300,46.5829
20.0400,47.0352
20.0500,47.4874
20.0600,47.9397
20.0700,48.3920
20.0800,48.8442
20.0900,49.2965
20.1000,49.7487
20.1100,50.2010
20.1200,50.6533
20.1300,51.1055
20.1400,51.5578
20.1500,52.0101
20.1600,52.4623
20.1700,52.9146
20.1800,53.3668
20.1900,53.8191
20.2000,54.2714
20.2100,54.7236
20.2200,55.1759
20.2300,55.6281
20.2400,56.0804
20.2500,56.5327
20.2600,56.9849
20.2700,57.4372
20.2800,57.8894
20.2900,58.3417
20.3000,58.7940
20.3100,59.2462
20.3200,59.6985
20.3300,60.1508
20.3400,60.6030
20.3500,61.0553
20.3600,61.5075
20.3700,61.9598
20.3800,62.4121
20.3900,62.8643
20.4000,63.3166
20.4100,63.7688
20.4200,64.2211
20.4300,64.6734
20.4400,65.1256
20.4500,65.5779
20.4600,66.0302
20.4700,66.4824
20.4800,66.9347
20.4900,67.3869
20.5000,67.8392
20.5100,68.2915
20.5200,68.7437
20.5300,69.1960
20.5400,69.6482
20.5500,70.1005
20.5600,70.5528
20.5700,71.0050
20.5800,71.4573
20.5900,71.9095
20.6000,72.3618
20.6100,72.8141
20.6200,73.2663
20.6300,73.7186
20.6400,74.1709
20.6500,74.6231
20.6600,75.0754
20.6700,75.5276
20.6800,75.9799
20.6900,76.4322
20.7000,76.8844
20.7100,77.3367
20.7200,77.7889
20.7300,78.2412
20.7400,78.6935
20.7500,79.1457
20.7600,79.5980
20.7700,80.0503
20.7800,80.5025
20.7900,80.9548
20.8000,81.4070
20.8100,81.8593
20.8200,82.3116
20.8300,82.7638
20.8400,83.2161
20.8500,83.6683
20.8600,84.1206
20.8700,84.5729
20.8800,85.0251
20.8900,85.4774
20.9000,85.9296
20.9100,86.3819
20.9200,86.8342
20.9300,87.2864
20.9400,87.7387
20.9500,88.1910
20.9600,88.6432
20.9700,89.0955
20.9800,89.5477
20.9900,90.0000
21.0000,90.0000
21.0100,90.0000
21.0200,90.0000
21.0300,90.0000
21.0400,90.0000
21.0500,90.0000
21.0600,90.0000
21.0700,90.0000
21.0800,90.0000
21.0900,90.0000
21.1000,90.0000
21.1100,90.0000
21.1200,90.0000
21.1300,90.0000
21.1400,90.0000
21.1500,90.0000
21.1600,90.0000
21.1700,90.0000
21.1800,90.0000
21.1900,90.0000
21.2000,90.0000
21.2100,90.0000
21.2200,90.0000
21.2300,90.0000
21.2400,90.0000
21.2500,90.0000
21.2600,90.0000
21.2700,90.0000
21.2800,90.0000
21.2900,90.0000
21.3000,90.0000
21.3100,90.0000
21.3200,90.0000
21.3300,90.0000
21.3400,90.0000
21.3500,90.0000
21.3600,90.0000
21.3700,90.0000
21.3800,90.0000
21.3900,90.0000
21.4000,90.0000
21.4100,90.0000
21.4200,90.0000
21.4300,90.0000
21.4400,90.0000
21.4500,90.0000
21.4600,90.0000
21.4700,90.0000
21.4800,90.0000
21.4900,90.0000
21.5000,90.0000
21.5100,90.0000
21.5200,90.0000
21.5300,90.0000
21.5400,90.0000
21.5500,90.0000
21.5600,90.0000
21.5700,90.0000
21.5800,90.0000
21.5900,90.0000
21.6000,90.0000
21.6100,90.0000
21.6200,90.0000
21.6300,90.0000
21.6400,90.0000
21.6500,90.0000
21.6600,90.0000
21.6700,90.0000
21.6800,90.0000
21.6900,90.0000
21.7000,90.0000
21.7100,90.0000
21.7200,90.0000
21.7300,90.0000
21.7400,90.0000
21.7500,90.0000
21.7600,90.0000
21.7700,90.0000
21.7800,90.0000
21.7900,90.0000
21.8000,90.0000
21.8100,90.0000
21.8200,90.0000
21.8300,90.0000
21.8400,90.0000
21.8500,90.0000
21.8600,90.0000
21.8700,90.0000
21.8800,90.0000
21.8900,90.0000
21.9000,90.0000
21.9100,90.0000
21.9200,90.0000
21.9300,90.0000
21.9400,90.0000
21.9500,90.0000
21.9600,90.0000
21.9700,90.0000
21.9800,90.0000
21.9900,90.0000
22.0000,90.0000
22.0100,90.0000
22.0200,90.0000
22.0300,90.0000
22.0400,90.0000
22.0500,90.0000
22.0600,90.0000
22.0700,90.0000
22.0800,90.0000
22.0900,90.0000
22.1000,90.0000
22.1100,90.0000
22.1200,90.0000
22.1300,90.0000
22.1400,90.0000
22.1500,90.0000
22.1600,90.0000
22.1700,90.0000
22.1800,90.0000
22.1900,90.0000
22.2000,90.0000
22.2100,90.0000
22.2200,90.0000
22.2300,90.0000
22.2400,90.0000
22.2500,90.0000
22.2600,90.0000
22.2700,90.0000
22.2800,90.0000
22.2900,90.0000
22.3000,90.0000
22.3100,90.0000
22.3200,90.0000
22.3300,90.0000
22.3400,90.0000
22.3500,90.0000
22.3600,90.0000
22.3700,90.0000
22.3800,90.0000
22.3900,90.0000
22.4000,90.0000
22.4100,90.0000
22.4200,90.0000
22.4300,90.0000
22.4400,90.0000
22.4500,90.0000
22.4600,90.0000
22.4700,90.0000
22.4800,90.0000
22.4900,90.0000
22.5000,90.0000
22.5100,90.0000
22.5200,90.0000
22.5300,90.0000
22.5400,90.0000
22.5500,90.0000
22.5600,90.0000
22.5700,90.0000
22.5800,90.0000
22.5900,90.0000
22.6000,90.0000
22.6100,90.0000
22.6200,90.0000
22.6300,90.0000
22.6400,90.0000
22.6500,90.0000
22.6600,90.0000
22.6700,90.0000
22.6800,90.0000
22.6900,90.0000
22.7000,90.0000
22.7100,90.0000
22.7200,90.0000
22.7300,90.0000
22.7400,90.0000
22.7500,90.0000
22.7600,90.0000
22.7700,90.0000
22.7800,90.0000
22.7900,90.0000
22.8000,90.0000
22.8100,90.0000
22.8200,90.0000
22.8300,90.0000
22.8400,90.0000
22.8500,90.0000
22.8600,90.0000
22.8700,90.0000
22.8800,90.0000
22.8900,90.0000
22.9000,90.0000
22.9100,90.0000
22.9200,90.0000
22.9300,90.0000
22.9400,90.0000
22.9500,90.0000
22.9600,90.0000
22.9700,90.0000
22.9800,90.0000
22.9900,90.0000
23.0000,90.0000
23.0100,89.7744
23.0200,89.5489
23.0300,89.3233
23.0400,89.0977
23.0500,88.8722
23.0600,88.6466
23.0700,88.4211
23.0800,88.1955
23.0900,87.9699
23.1000,87.7444
23.1100,87.5188
23.1200,87.2932
23.1300,87.0677
23.1400,86.8421
23.1500,86.6165
23.1600,86.3910
23.1700,86.1654
23.1800,85.9398
23.1900,85.7143
23.2000,85.4887
23.2100,85.2632
23.2200,85.0376
23.2300,84.8120
23.2400,84.5865
23.2500,84.3609
23.2600,84.1353
23.2700,83.9098
23.2800,83.6842
23.2900,83.4586
23.3000,83.2331
23.3100,83.0075
23.3200,82.7820
23.3300,82.5564
23.3400,82.3308
23.3500,82.1053
23.3600,81.8797
23.3700,81.6541
23.3800,81.4286
23.3900,81.2030
23.4000,80.9774
23.4100,80.7519
23.4200,80.5263
23.4300,80.3008
23.4400,80.0752
23.4500,79.8496
23.4600,79.6241
23.4700,79.3985
23.4800,79.1729
23.4900,78.9474
23.5000,78.7218
23.5100,78.4962
23.5200,78.2707
23.5300,78.0451
23.5400,77.8195
23.5500,77.5940
23.5600,77.3684
23.5700,77.1429
23.5800,76.9173
23.5900,76.6917
23.6000,76.4662
23.6100,76.2406
23.6200,76.0150
23.6300,75.7895
23.6400,75.5639
23.6500,75.3383
23.6600,75.1128
23.6700,74.8872
23.6800,74.6617
23.6900,74.4361
23.7000,74.2105
23.7100,73.9850
23.7200,73.7594
23.7300,73.5338
23.7400,73.3083
23.7500,73.0827
23.7600,72.8571
23.7700,72.6316
23.7800,72.4060
23.7900,72.1805
23.8000,71.9549
23.8100,71.7293
23.8200,71.5038
23.8300,71.2782
23.8400,71.0526
23.8500,70.8271
23.8600,70.6015
23.8700,70.3759
23.8800,70.1504
23.8900,69.9248
23.9000,69.6992
23.9100,69.4737
23.9200,69.2481
23.9300,69.0226
23.9400,68.7970
23.9500,68.5714
23.9600,68.3459
23.9700,68.1203
23.9800,67.8947
23.9900,67.6692
24.0000,67.4436
24.0100,67.2180
24.0200,66.9925
24.0300,66.7669
24.0400,66.5414
24.0500,66.3158
24.0600,66.0902
24.0700,65.8647
24.0800,65.6391
24.0900,65.4135
24.1000,65.1880
24.1100,64.9624
24.1200,64.7368
24.1300,64.5113
24.1400,64.2857
24.1500,64.0602
24.1600,63.8346
24.1700,63.6090
24.1800,63.3835
24.1900,63.1579
24.2000,62.9323
24.2100,62.7068
24.2200,62.4812
24.2300,62.2556
24.2400,62.0301
24.2500,61.8045
24.2600,61.5789
24.2700,61.3534
24.2800,61.1278
24.2900,60.9023
24.3000,60.6767
24.3100,60.4511
24.3200,60.2256
24.3300,60.0000
24.3400,59.7744
24.3500,59.5489
24.3600,59.3233
24.3700,59.0977
24.3800,58.8722
24.3900,58.6466
24.4000,58.4211
24.4100,58.1955
24.4200,57.9699
24.4300,57.7444
24.4400,57.5188
24.4500,57.2932
24.4600,57.0677
24.4700,56.8421
24.4800,56.6165
24.4900,56.3910
24.5000,56.1654
24.5100,55.9398
24.5200,55.7143
24.5300,55.4887
24.5400,55.2632
24.5500,55.0376
24.5600,54.8120
24.5700,54.5865
24.5800,54.3609
24.5900,54.1353
24.6000,53.9098
24.6100,53.6842
24.6200,53.4586
24.6300,53.2331
24.6400,53.0075
24.6500,52.7820
24.6600,52.5564
24.6700,52.3308
24.6800,52.1053
24.6900,51.8797
24.7000,51.6541
24.7100,51.4286
24.7200,51.2030
24.7300,50.9774
24.7400,50.7519
24.7500,50.5263
24.7600,50.3008
24.7700,50.0752
24.7800,49.8496
24.7900,49.6241
24.8000,49.3985
24.8100,49.1729
24.8200,48.9474
24.8300,48.7218
24.8400,48.4962
24.8500,48.2707
24.8600,48.0451
24.8700,47.8195
24.8800,47.5940
24.8900,47.3684
24.9000,47.1429
24.9100,46.9173
24.9200,46.6917
24.9300,46.4662
24.9400,46.2406
24.9500,46.0150
24.9600,45.7895
24.9700,45.5639
24.9800,45.3383
24.9900,45.1128
25.0000,44.8872
25.0100,44.6617
25.0200,44.4361
25.0300,44.2105
25.0400,43.9850
25.0500,43.7594
25.0600,43.5338
25.0700,43.3083
25.0800,43.0827
25.0900,42.8571
25.1000,42.6316
25.1100,42.4060
25.1200,42.1805
25.1300,41.9549
25.1400,41.7293
25.1500,41.5038
25.1600,41.2782
25.1700,41.0526
25.1800,40.8271
25.1900,40.6015
25.2000,40.3759
25.2100,40.1504
25.2200,39.9248
25.2300,39.6992
25.2400,39.4737
25.2500,39.2481
25.2600,39.0226
25.2700,38.7970
25.2800,38.5714
25.2900,38.3459
25.3000,38.1203
25.3100,37.8947
25.3200,37.6692
25.3300,37.4436
25.3400,37.2180
25.3500,36.9925
25.3600,36.7669
25.3700,36.5414
25.3800,36.3158
25.3900,36.0902
25.4000,35.8647
25.4100,35.6391
25.4200,35.4135
25.4300,35.1880
25.4400,34.9624
25.4500,34.7368
25.4600,34.5113
25.4700,34.2857
25.4800,34.0602
25.4900,33.8346
25.5000,33.6090
25.5100,33.3835
25.5200,33.1579
25.5300,32.9323
25.5400,32.7068
25.5500,32.4812
25.5600,32.2556
25.5700,32.0301
25.5800,31.8045
25.5900,31.5789
25.6000,31.3534
25.6100,31.1278
25.6200,30.9023
25.6300,30.6767
25.6400,30.4511
25.6500,30.2256
25.6600,30.0000
25.6700,29.7744
25.6800,29.5489
25.6900,29.3233
25.7000,29.0977
25.7100,28.8722
25.7200,28.6466
25.7300,28.4211
25.7400,28.1955
25.7500,27.9699
25.7600,27.7444
25.7700,27.5188
25.7800,27.2932
25.7900,27.0677
25.8000,26.8421
25.8100,26.6165
25.8200,26.3910
25.8300,26.1654
25.8400,25.9398
25.8500,25.7143
25.8600,25.4887
25.8700,25.2632
25.8800,25.0376
25.8900,24.8120
25.9000,24.5865
25.9100,24.3609
25.9200,24.1353
25.9300,23.9098
25.9400,23.6842
25.9500,23.4586
25.9600,23.2331
25.9700,23.0075
25.9800,22.7820
25.9900,22.5564
26.0000,22.3308
26.0100,22.1053
26.0200,21.8797
26.0300,21.6541
26.0400,21.4286
26.0500,21.2030
26.0600,20.9774
26.0700,20.7519
26.0800,20.5263
26.0900,20.3008
26.1000,20.0752
26.1100,19.8496
26.1200,19.6241
26.1300,19.3985
26.1400,19.1729
26.1500,18.9474
26.1600,18.7218
26.1700,18.4962
26.1800,18.2707
26.1900,18.0451
26.2000,17.8195
26.2100,17.5940
26.2200,17.3684
26.2300,17.1429
26.2400,16.9173
26.2500,16.6917
26.2600,16.4662
26.2700,16.2406
26.2800,16.0150
26.2900,15.7895
26.3000,15.5639
26.3100,15.3383
26.3200,15.1128
26.3300,14.8872
26.3400,14.6617
26.3500,14.4361
26.3600,14.2105
26.3700,13.9850
26.3800,13.7594
26.3900,13.5338
26.4000,13.3083
26.4100,13.0827
26.4200,12.8571
26.4300,12.6316
26.4400,12.4060
26.4500,12.1805
26.4600,11.9549
26.4700,11.7293
26.4800,11.5038
26.4900,11.2782
26.5000,11.0526
26.5100,10.8271
26.5200,10.6015
26.5300,10.3759
26.5400,10.1504
26.5500,9.9248
26.5600,9.6992
26.5700,9.4737
26.5800,9.2481
26.5900,9.0226
26.6000,8.7970
26.6100,8.5714
26.6200,8.3459
26.6300,8.1203
26.6400,7.8947
26.6500,7.6692
26.6600,7.4436
26.6700,7.2180
26.6800,6.9925
26.6900,6.7669
26.7000,6.5414
26.7100,6.3158
26.7200,6.0902
26.7300,5.8647
26.7400,5.6391
26.7500,5.4135
26.7600,5.1880
26.7700,4.9624
26.7800,4.7368
26.7900,4.5113
26.8000,4.2857
26.8100,4.0602
26.8200,3.8346
26.8300,3.6090
26.8400,3.3835
26.8500,3.1579
26.8600,2.9323
26.8700,2.7068
26.8800,2.4812
26.8900,2.2556
26.9000,2.0301
26.9100,1.8045
26.9200,1.5789
26.9300,1.3534
26.9400,1.1278
26.9500,0.9023
26.9600,0.6767
26.9700,0.4511
26.9800,0.2256
26.9900,0.0000
27.0000,0.0000
27.0100,0.1538
27.0200,0.3077
27.0300,0.4615
27.0400,0.6154
27.0500,0.7692
27.0600,0.9231
27.0700,1.0769
27.0800,1.2308
27.0900,1.3846
27.1000,1.5385
27.1100,1.6923
27.1200,1.8462
27.1300,2.0000
27.1400,2.1538
27.1500,2.3077
27.1600,2.4615
27.1700,2.6154
27.1800,2.7692
27.1900,2.9231
27.2000,3.0769
27.2100,3.2308
27.2200,3.3846
27.2300,3.5385
27.2400,3.6923
27.2500,3.8462
27.2600,4.0000
27.2700,4.1538
27.2800,4.3077
27.2900,4.4615
27.3000,4.6154
27.3100,4.7692
27.3200,4.9231
27.3300,5.0769
27.3400,5.2308
27.3500,5.3846
27.3600,5.5385
27.3700,5.6923
27.3800,5.8462
27.3900,6.0000
27.4000,6.1538
27.4100,6.3077
27.4200,6.4615
27.4300,6.6154
27.4400,6.7692
27.4500,6.9231
27.4600,7.0769
27.4700,7.2308
27.4800,7.3846
27.4900,7.5385
27.5000,7.6923
27.5100,7.8462
27.5200,8.0000
27.5300,8.1538
27.5400,8.3077
27.5500,8.4615
27.5600,8.6154
27.5700,8.7692
27.5800,8.9231
27.5900,9.0769
27.6000,9.2308
27.6100,9.3846
27.6200,9.5385
27.6300,9.6923
27.6400,9.8462
27.6500,10.0000
27.6600,10.1538
27.6700,10.3077
27.6800,10.4615
27.6900,10.6154
27.7000,10.7692
27.7100,10.9231
27.7200,11.0769
27.7300,11.2308
27.7400,11.3846
27.7500,11.5385
27.7600,11.6923
27.7700,11.8462
27.7800,12.0000
27.7900,12.1538
27.8000,12.3077
27.8100,12.4615
27.8200,12.6154
27.8300,12.7692
27.8400,12.9231
27.8500,13.0769
27.8600,13.2308
27.8700,13.3846
27.8800,13.5385
27.8900,13.6923
27.9000,13.8462
27.9100,14.0000
27.9200,14.1538
27.9300,14.3077
27.9400,14.4615
27.9500,14.6154
27.9600,14.7692
27.9700,14.9231
27.9800,15.0769
27.9900,15.2308
28.0000,15.3846
28.0100,15.5385
28.0200,15.6923
28.0300,15.8462
28.0400,16.0000
28.0500,16.1538
28.0600,16.3077
28.0700,16.4615
28.0800,16.6154
28.0900,16.7692
28.1000,16.9231
28.1100,17.0769
28.1200,17.2308
28.1300,17.3846
28.1400,17.5385
28.1500,17.6923
28.1600,17.8462
28.1700,18.0000
28.1800,18.1538
28.1900,18.3077
28.2000,18.4615
28.2100,18.6154
28.2200,18.7692
28.2300,18.9231
28.2400,19.0769
28.2500,19.2308
28.2600,19.3846
28.2700,19.5385
28.2800,19.6923
28.2900,19.8462
28.3000,20.0000
28.3100,20.1538
28.3200,20.3077
28.3300,20.4615
28.3400,20.6154
28.3500,20.7692
28.3600,20.9231
28.3700,21.0769
28.3800,21.2308
28.3900,21.3846
28.4000,21.5385
28.4100,21.6923
28.4200,21.8462
28.4300,22.0000
28.4400,22.1538
28.4500,22.3077
28.4600,22.4615
28.4700,22.6154
28.4800,22.7692
28.4900,22.9231
28.5000,23.0769
28.5100,23.2308
28.5200,23.3846
28.5300,23.5385
28.5400,23.6923
28.5500,23.8462
28.5600,24.0000
28.5700,24.1538
28.5800,24.3077
28.5900,24.4615
28.6000,24.6154
28.6100,24.7692
28.6200,24.9231
28.6300,25.0769
28.6400,25.2308
28.6500,25.3846
28.6600,25.5385
28.6700,25.6923
28.6800,25.8462
28.6900,26.0000
28.7000,26.1538
28.7100,26.3077
28.7200,26.4615
28.7300,26.6154
28.7400,26.7692
28.7500,26.9231
28.7600,27.0769
28.7700,27.2308
28.7800,27.3846
28.7900,27.5385
28.8000,27.6923
28.8100,27.8462
28.8200,28.0000
28.8300,28.1538
28.8400,28.3077
28.8500,28.4615
28.8600,28.6154
28.8700,28.7692
28.8800,28.9231
28.8900,29.0769
28.9000,29.2308
28.9100,29.3846
28.9200,29.5385
28.9300,29.6923
28.9400,29.8462
28.9500,30.0000
28.9600,30.1538
28.9700,30.3077
28.9800,30.4615
28.9900,30.6154
29.0000,30.7692
29.0100,30.9231
29.0200,31.0769
29.0300,31.2308
29.0400,31.3846
29.0500,31.5385
29.0600,31.6923
29.0700,31.8462
29.0800,32.0000
29.0900,32.1538
29.1000,32.3077
29.1100,32.4615
29.1200,32.6154
29.1300,32.7692
29.1400,32.9231
29.1500,33.0769
29.1600,33.2308
29.1700,33.3846
29.1800,33.5385
29.1900,33.6923
29.2000,33.8462
29.2100,34.0000
29.2200,34.1538
29.2300,34.3077
29.2400,34.4615
29.2500,34.6154
29.2600,34.7692
29.2700,34.9231
29.2800,35.0769
29.2900,35.2308
29.3000,35.3846
29.3100,35.5385
29.3200,35.6923
29.3300,35.8462
29.3400,36.0000
29.3500,36.1538
29.3600,36.3077
29.3700,36.4615
29.3800,36.6154
29.3900,36.7692
29.4000,36.9231
29.4100,37.0769
29.4200,37.2308
29.4300,37.3846
29.4400,37.5385
29.4500,37.6923
29.4600,37.8462
29.4700,38.0000
29.4800,38.1538
29.4900,38.3077
29.5000,38.4615
29.5100,38.6154
29.5200,38.7692
29.5300,38.9231
29.5400,39.0769
29.5500,39.2308
29.5600,39.3846
29.5700,39.5385
29.5800,39.6923
29.5900,39.8462
29.6000,40.0000
29.6100,40.1538
29.6200,40.3077
29.6300,40.4615
29.6400,40.6154
29.6500,40.7692
29.6600,40.9231
29.6700,41.0769
29.6800,41.2308
29.6900,41.3846
29.7000,41.5385
29.7100,41.6923
29.7200,41.8462
29.7300,42.0000
29.7400,42.1538
29.7500,42.3077
29.7600,42.4615
29.7700,42.6154
29.7800,42.7692
29.7900,42.9231
29.8000,43.0769
29.8100,43.2308
29.8200,43.3846
29.8300,43.5385
29.8400,43.6923
29.8500,43.8462
29.8600,44.0000
29.8700,44.1538
29.8800,44.3077
29.8900,44.4615
29.9000,44.6154
29.9100,44.7692
29.9200,44.9231
29.9300,45.0769
29.9400,45.2308
29.9500,45.3846
29.9600,45.5385
29.9700,45.6923
29.9800,45.8462
29.9900,46.0000
