0.0000,62.8460
0.0100,62.6358
0.0200,62.4256
0.0300,62.2154
0.0400,62.0053
0.0500,61.7951
0.0600,61.5849
0.0700,61.3747
0.0800,61.1645
0.0900,60.9543
0.1000,60.7441
0.1100,60.5339
0.1200,60.3238
0.1300,60.1136
0.1400,59.9034
0.1500,59.6932
0.1600,59.4830
0.1700,59.2728
0.1800,59.0626
0.1900,58.8524
0.2000,58.6423
0.2100,58.4321
0.2200,58.2219
0.2300,58.0117
0.2400,57.8015
0.2500,57.5913
0.2600,57.3811
0.2700,57.1709
0.2800,56.9608
0.2900,56.7506
0.3000,56.5404
0.3100,56.3302
0.3200,56.1200
0.3300,55.9098
0.3400,55.6996
0.3500,55.4894
0.3600,55.2793
0.3700,55.0691
0.3800,54.8589
0.3900,54.6487
0.4000,54.4385
0.4100,54.2283
0.4200,54.0181
0.4300,53.8079
0.4400,53.5978
0.4500,53.3876
0.4600,53.1774
0.4700,52.9672
0.4800,52.7570
0.4900,52.5468
0.5000,52.3366
0.5100,52.1264
0.5200,51.9163
0.5300,51.7061
0.5400,51.4959
0.5500,51.2857
0.5600,51.0755
0.5700,50.8653
0.5800,50.6551
0.5900,50.4449
0.6000,50.2348
0.6100,50.0246
0.6200,49.8144
0.6300,49.6042
0.6400,49.3940
0.6500,49.1838
0.6600,48.9736
0.6700,48.7635
0.6800,48.5533
0.6900,48.3431
0.7000,48.1329
0.7100,47.9227
0.7200,47.7125
0.7300,47.5023
0.7400,47.2921
0.7500,47.0820
0.7600,46.8718
0.7700,46.6616
0.7800,46.4514
0.7900,46.2412
0.8000,46.0310
0.8100,45.8208
0.8200,45.6106
0.8300,45.4005
0.8400,45.1903
0.8500,44.9801
0.8600,44.7699
0.8700,44.5597
0.8800,44.3495
0.8900,44.1393
0.9000,43.9291
0.9100,43.7190
0.9200,43.5088
0.9300,43.2986
0.9400,43.0884
0.9500,42.8782
0.9600,42.6680
0.9700,42.4578
0.9800,42.2476
0.9900,42.0375
1.0000,41.8273
1.0100,41.6171
1.0200,41.4069
1.0300,41.1967
1.0400,40.9865
1.0500,40.7763
1.0600,40.5661
1.0700,40.3560
1.0800,40.1458
1.0900,39.9356
1.1000,39.7254
1.1100,39.5152
1.1200,39.3050
1.1300,39.0948
1.1400,38.8846
1.1500,38.6745
1.1600,38.4643
1.1700,38.2541
1.1800,38.0439
1.1900,37.8337
1.2000,37.6235
1.2100,37.4133
1.2200,37.2032
1.2300,36.9930
1.2400,36.7828
1.2500,36.5726
1.2600,36.3624
1.2700,36.1522
1.2800,35.9420
1.2900,35.7318
1.3000,35.5217
1.3100,35.3115
1.3200,35.1013
1.3300,34.8911
1.3400,34.6809
1.3500,34.4707
1.3600,34.2605
1.3700,34.0503
1.3800,33.8402
1.3900,33.6300
1.4000,33.4198
1.4100,33.2096
1.4200,32.9994
1.4300,32.7892
1.4400,32.5790
1.4500,32.3688
1.4600,32.1587
1.4700,31.9485
1.4800,31.7383
1.4900,31.5281
1.5000,31.3179
1.5100,31.1077
1.5200,30.8975
1.5300,30.6873
1.5400,30.4772
1.5500,30.2670
1.5600,30.0568
1.5700,29.8466
1.5800,29.6364
1.5900,29.4262
1.6000,29.2160
1.6100,29.0058
1.6200,28.7957
1.6300,28.5855
1.6400,28.3753
1.6500,28.1651
1.6600,27.9549
1.6700,27.7447
1.6800,27.5345
1.6900,27.3243
1.7000,27.1142
1.7100,26.9040
1.7200,26.6938
1.7300,26.4836
1.7400,26.2734
1.7500,26.0632
1.7600,25.8530
1.7700,25.6428
1.7800,25.4327
1.7900,25.2225
1.8000,25.0123
1.8100,24.8021
1.8200,24.5919
1.8300,24.3817
1.8400,24.1715
1.8500,23.9614
1.8600,23.7512
1.8700,23.5410
1.8800,23.3308
1.8900,23.1206
1.9000,22.9104
1.9100,22.7002
1.9200,22.4900
1.9300,22.2799
1.9400,22.0697
1.9500,21.8595
1.9600,21.6493
1.9700,21.4391
1.9800,21.2289
1.9900,21.0187
2.0000,20.8085
2.0100,20.5984
2.0200,20.3882
2.0300,20.1780
2.0400,19.9678
2.0500,19.7576
2.0600,19.5474
2.0700,19.3372
2.0800,19.1270
2.0900,18.9169
2.1000,18.7067
2.1100,18.4965
2.1200,18.2863
2.1300,18.0761
2.1400,17.8659
2.1500,17.6557
2.1600,17.4455
2.1700,17.2354
2.1800,17.0252
2.1900,16.8150
2.2000,16.6048
2.2100,16.3946
2.2200,16.1844
2.2300,15.9742
2.2400,15.7640
2.2500,15.5539
2.2600,15.3437
2.2700,15.1335
2.2800,14.9233
2.2900,14.7131
2.3000,14.5029
2.3100,14.2927
2.3200,14.0825
2.3300,13.8724
2.3400,13.6622
2.3500,13.4520
2.3600,13.2418
2.3700,13.0316
2.3800,12.8214
2.3900,12.6112
2.4000,12.4011
2.4100,12.1909
2.4200,11.9807
2.4300,11.7705
2.4400,11.5603
2.4500,11.3501
2.4600,11.1399
2.4700,10.9297
2.4800,10.7196
2.4900,10.5094
2.5000,10.2992
2.5100,10.0890
2.5200,9.8788
2.5300,9.6686
2.5400,9.4584
2.5500,9.2482
2.5600,9.0381
2.5700,8.8279
2.5800,8.6177
2.5900,8.4075
2.6000,8.1973
2.6100,7.9871
2.6200,7.7769
2.6300,7.5667
2.6400,7.3566
2.6500,7.1464
2.6600,6.9362
2.6700,6.7260
2.6800,6.5158
2.6900,6.3056
2.7000,6.0954
2.7100,5.8852
2.7200,5.6751
2.7300,5.4649
2.7400,5.2547
2.7500,5.0445
2.7600,4.8343
2.7700,4.6241
2.7800,4.4139
2.7900,4.2037
2.8000,3.9936
2.8100,3.7834
2.8200,3.5732
2.8300,3.3630
2.8400,3.1528
2.8500,2.9426
2.8600,2.7324
2.8700,2.5222
2.8800,2.3121
2.8900,2.1019
2.9000,1.8917
2.9100,1.6815
2.9200,1.4713
2.9300,1.2611
2.9400,1.0509
2.9500,0.8407
2.9600,0.6306
2.9700,0.4204
2.9800,0.2102
2.9900,0.0000
3.0000,-0.0000
3.0100,-0.0000
3.0200,-0.0000
3.0300,-0.0000
3.0400,-0.0000
3.0500,-0.0000
3.0600,-0.0000
3.0700,-0.0000
3.0800,-0.0000
3.0900,-0.0000
3.1000,-0.0000
3.1100,-0.0000
3.1200,-0.0000
3.1300,-0.0000
3.1400,-0.0000
3.1500,-0.0000
3.1600,-0.0000
3.1700,-0.0000
3.1800,-0.0000
3.1900,-0.0000
3.2000,-0.0000
3.2100,-0.0000
3.2200,-0.0000
3.2300,-0.0000
3.2400,-0.0000
3.2500,-0.0000
3.2600,-0.0000
3.2700,-0.0000
3.2800,-0.0000
3.2900,-0.0000
3.3000,-0.0000
3.3100,-0.0000
3.3200,-0.0000
3.3300,-0.0000
3.3400,-0.0000
3.3500,-0.0000
3.3600,-0.0000
3.3700,-0.0000
3.3800,-0.0000
3.3900,-0.0000
3.4000,-0.0000
3.4100,-0.0000
3.4200,-0.0000
3.4300,-0.0000
3.4400,-0.0000
3.4500,-0.0000
3.4600,-0.0000
3.4700,-0.0000
3.4800,-0.0000
3.4900,-0.0000
3.5000,-0.0000
3.5100,-0.0000
3.5200,-0.0000
3.5300,-0.0000
3.5400,-0.0000
3.5500,-0.0000
3.5600,-0.0000
3.5700,-0.0000
3.5800,-0.0000
3.5900,-0.0000
3.6000,-0.0000
3.6100,-0.0000
3.6200,-0.0000
3.6300,-0.0000
3.6400,-0.0000
3.6500,-0.0000
3.6600,-0.0000
3.6700,-0.0000
3.6800,-0.0000
3.6900,-0.0000
3.7000,-0.0000
3.7100,-0.0000
3.7200,-0.0000
3.7300,-0.0000
3.7400,-0.0000
3.7500,-0.0000
3.7600,-0.0000
3.7700,-0.0000
3.7800,-0.0000
3.7900,-0.0000
3.8000,-0.0000
3.8100,-0.0000
3.8200,-0.0000
3.8300,-0.0000
3.8400,-0.0000
3.8500,-0.0000
3.8600,-0.0000
3.8700,-0.0000
3.8800,-0.0000
3.8900,-0.0000
3.9000,-0.0000
3.9100,-0.0000
3.9200,-0.0000
3.9300,-0.0000
3.9400,-0.0000
3.9500,-0.0000
3.9600,-0.0000
3.9700,-0.0000
3.9800,-0.0000
3.9900,-0.0000
4.0000,-0.0000
4.0100,-0.0000
4.0200,-0.0000
4.0300,-0.0000
4.0400,-0.0000
4.0500,-0.0000
4.0600,-0.0000
4.0700,-0.0000
4.0800,-0.0000
4.0900,-0.0000
4.1000,-0.0000
4.1100,-0.0000
4.1200,-0.0000
4.1300,-0.0000
4.1400,-0.0000
4.1500,-0.0000
4.1600,-0.0000
4.1700,-0.0000
4.1800,-0.0000
4.1900,-0.0000
4.2000,-0.0000
4.2100,-0.0000
4.2200,-0.0000
4.2300,-0.0000
4.2400,-0.0000
4.2500,-0.0000
4.2600,-0.0000
4.2700,-0.0000
4.2800,-0.0000
4.2900,-0.0000
4.3000,-0.0000
4.3100,-0.0000
4.3200,-0.0000
4.3300,-0.0000
4.3400,-0.0000
4.3500,-0.0000
4.3600,-0.0000
4.3700,-0.0000
4.3800,-0.0000
4.3900,-0.0000
4.4000,-0.0000
4.4100,-0.0000
4.4200,-0.0000
4.4300,-0.0000
4.4400,-0.0000
4.4500,-0.0000
4.4600,-0.0000
4.4700,-0.0000
4.4800,-0.0000
4.4900,-0.0000
4.5000,-0.0000
4.5100,-0.0000
4.5200,-0.0000
4.5300,-0.0000
4.5400,-0.0000
4.5500,-0.0000
4.5600,-0.0000
4.5700,-0.0000
4.5800,-0.0000
4.5900,-0.0000
4.6000,-0.0000
4.6100,-0.0000
4.6200,-0.0000
4.6300,-0.0000
4.6400,-0.0000
4.6500,-0.0000
4.6600,-0.0000
4.6700,-0.0000
4.6800,-0.0000
4.6900,-0.0000
4.7000,-0.0000
4.7100,-0.0000
4.7200,-0.0000
4.7300,-0.0000
4.7400,-0.0000
4.7500,-0.0000
4.7600,-0.0000
4.7700,-0.0000
4.7800,-0.0000
4.7900,-0.0000
4.8000,-0.0000
4.8100,-0.0000
4.8200,-0.0000
4.8300,-0.0000
4.8400,-0.0000
4.8500,-0.0000
4.8600,-0.0000
4.8700,-0.0000
4.8800,-0.0000
4.8900,-0.0000
4.9000,-0.0000
4.9100,-0.0000
4.9200,-0.0000
4.9300,-0.0000
4.9400,-0.0000
4.9500,-0.0000
4.9600,-0.0000
4.9700,-0.0000
4.9800,-0.0000
4.9900,-0.0000
5.0000,0.0000
5.0100,0.0000
5.0200,0.0000
5.0300,0.0000
5.0400,0.0000
5.0500,0.0000
5.0600,0.0000
5.0700,0.0000
5.0800,0.0000
5.0900,0.0000
5.1000,0.0000
5.1100,0.0000
5.1200,0.0000
5.1300,0.0000
5.1400,0.0000
5.1500,0.0000
5.1600,0.0000
5.1700,0.0000
5.1800,0.0000
5.1900,0.0000
5.2000,0.0000
5.2100,0.0000
5.2200,0.0000
5.2300,0.0000
5.2400,0.0000
5.2500,0.0000
5.2600,0.0000
5.2700,0.0000
5.2800,0.0000
5.2900,0.0000
5.3000,0.0000
5.3100,0.0000
5.3200,0.0000
5.3300,0.0000
5.3400,0.0000
5.3500,0.0000
5.3600,0.0000
5.3700,0.0000
5.3800,0.0000
5.3900,0.0000
5.4000,0.0000
5.4100,0.0000
5.4200,0.0000
5.4300,0.0000
5.4400,0.0000
5.4500,0.0000
5.4600,0.0000
5.4700,0.0000
5.4800,0.0000
5.4900,0.0000
5.5000,0.0000
5.5100,0.0000
5.5200,0.0000
5.5300,0.0000
5.5400,0.0000
5.5500,0.0000
5.5600,0.0000
5.5700,0.0000
5.5800,0.0000
5.5900,0.0000
5.6000,0.0000
5.6100,0.0000
5.6200,0.0000
5.6300,0.0000
5.6400,0.0000
5.6500,0.0000
5.6600,0.0000
5.6700,0.0000
5.6800,0.0000
5.6900,0.0000
5.7000,0.0000
5.7100,0.0000
5.7200,0.0000
5.7300,0.0000
5.7400,0.0000
5.7500,0.0000
5.7600,0.0000
5.7700,0.0000
5.7800,0.0000
5.7900,0.0000
5.8000,0.0000
5.8100,0.0000
5.8200,0.0000
5.8300,0.0000
5.8400,0.0000
5.8500,0.0000
5.8600,0.0000
5.8700,0.0000
5.8800,0.0000
5.8900,0.0000
5.9000,0.0000
5.9100,0.0000
5.9200,0.0000
5.9300,0.0000
5.9400,0.0000
5.9500,0.0000
5.9600,0.0000
5.9700,0.0000
5.9800,0.0000
5.9900,0.0000
6.0000,0.0000
6.0100,0.0000
6.0200,0.0000
6.0300,0.0000
6.0400,0.0000
6.0500,0.0000
6.0600,0.0000
6.0700,0.0000
6.0800,0.0000
6.0900,0.0000
6.1000,0.0000
6.1100,0.0000
6.1200,0.0000
6.1300,0.0000
6.1400,0.0000
6.1500,0.0000
6.1600,0.0000
6.1700,0.0000
6.1800,0.0000
6.1900,0.0000
6.2000,0.0000
6.2100,0.0000
6.2200,0.0000
6.2300,0.0000
6.2400,0.0000
6.2500,0.0000
6.2600,0.0000
6.2700,0.0000
6.2800,0.0000
6.2900,0.0000
6.3000,0.0000
6.3100,0.0000
6.3200,0.0000
6.3300,0.0000
6.3400,0.0000
6.3500,0.0000
6.3600,0.0000
6.3700,0.0000
6.3800,0.0000
6.3900,0.0000
6.4000,0.0000
6.4100,0.0000
6.4200,0.0000
6.4300,0.0000
6.4400,0.0000
6.4500,0.0000
6.4600,0.0000
6.4700,0.0000
6.4800,0.0000
6.4900,0.0000
6.5000,0.0000
6.5100,0.0000
6.5200,0.0000
6.5300,0.0000
6.5400,0.0000
6.5500,0.0000
6.5600,0.0000
6.5700,0.0000
6.5800,0.0000
6.5900,0.0000
6.6000,0.0000
6.6100,0.0000
6.6200,0.0000
6.6300,0.0000
6.6400,0.0000
6.6500,0.0000
6.6600,0.0000
6.6700,0.0000
6.6800,0.0000
6.6900,0.0000
6.7000,0.0000
6.7100,0.0000
6.7200,0.0000
6.7300,0.0000
6.7400,0.0000
6.7500,0.0000
6.7600,0.0000
6.7700,0.0000
6.7800,0.0000
6.7900,0.0000
6.8000,0.0000
6.8100,0.0000
6.8200,0.0000
6.8300,0.0000
6.8400,0.0000
6.8500,0.0000
6.8600,0.0000
6.8700,0.0000
6.8800,0.0000
6.8900,0.0000
6.9000,0.0000
6.9100,0.0000
6.9200,0.0000
6.9300,0.0000
6.9400,0.0000
6.9500,0.0000
6.9600,0.0000
6.9700,0.0000
6.9800,0.0000
6.9900,0.0000
7.0000,-0.0000
7.0100,-0.0000
7.0200,-0.0000
7.0300,-0.0000
7.0400,-0.0000
7.0500,-0.0000
7.0600,-0.0000
7.0700,-0.0000
7.0800,-0.0000
7.0900,-0.0000
7.1000,-0.0000
7.1100,-0.0000
7.1200,-0.0000
7.1300,-0.0000
7.1400,-0.0000
7.1500,-0.0000
7.1600,-0.0000
7.1700,-0.0000
7.1800,-0.0000
7.1900,-0.0000
7.2000,-0.0000
7.2100,-0.0000
7.2200,-0.0000
7.2300,-0.0000
7.2400,-0.0000
7.2500,-0.0000
7.2600,-0.0000
7.2700,-0.0000
7.2800,-0.0000
7.2900,-0.0000
7.3000,-0.0000
7.3100,-0.0000
7.3200,-0.0000
7.3300,-0.0000
7.3400,-0.0000
7.3500,-0.0000
7.3600,-0.0000
7.3700,-0.0000
7.3800,-0.0000
7.3900,-0.0000
7.4000,-0.0000
7.4100,-0.0000
7.4200,-0.0000
7.4300,-0.0000
7.4400,-0.0000
7.4500,-0.0000
7.4600,-0.0000
7.4700,-0.0000
7.4800,-0.0000
7.4900,-0.0000
7.5000,-0.0000
7.5100,-0.0000
7.5200,-0.0000
7.5300,-0.0000
7.5400,-0.0000
7.5500,-0.0000
7.5600,-0.0000
7.5700,-0.0000
7.5800,-0.0000
7.5900,-0.0000
7.6000,-0.0000
7.6100,-0.0000
7.6200,-0.0000
7.6300,-0.0000
7.6400,-0.0000
7.6500,-0.0000
7.6600,-0.0000
7.6700,-0.0000
7.6800,-0.0000
7.6900,-0.0000
7.7000,-0.0000
7.7100,-0.0000
7.7200,-0.0000
7.7300,-0.0000
7.7400,-0.0000
7.7500,-0.0000
7.7600,-0.0000
7.7700,-0.0000
7.7800,-0.0000
7.7900,-0.0000
7.8000,-0.0000
7.8100,-0.0000
7.8200,-0.0000
7.8300,-0.0000
7.8400,-0.0000
7.8500,-0.0000
7.8600,-0.0000
7.8700,-0.0000
7.8800,-0.0000
7.8900,-0.0000
7.9000,-0.0000
7.9100,-0.0000
7.9200,-0.0000
7.9300,-0.0000
7.9400,-0.0000
7.9500,-0.0000
7.9600,-0.0000
7.9700,-0.0000
7.9800,-0.0000
7.9900,-0.0000
8.0000,-0.0000
8.0100,-0.0000
8.0200,-0.0000
8.0300,-0.0000
8.0400,-0.0000
8.0500,-0.0000
8.0600,-0.0000
8.0700,-0.0000
8.0800,-0.0000
8.0900,-0.0000
8.1000,-0.0000
8.1100,-0.0000
8.1200,-0.0000
8.1300,-0.0000
8.1400,-0.0000
8.1500,-0.0000
8.1600,-0.0000
8.1700,-0.0000
8.1800,-0.0000
8.1900,-0.0000
8.2000,-0.0000
8.2100,-0.0000
8.2200,-0.0000
8.2300,-0.0000
8.2400,-0.0000
8.2500,-0.0000
8.2600,-0.0000
8.2700,-0.0000
8.2800,-0.0000
8.2900,-0.0000
8.3000,-0.0000
8.3100,-0.0000
8.3200,-0.0000
8.3300,-0.0000
8.3400,-0.0000
8.3500,-0.0000
8.3600,-0.0000
8.3700,-0.0000
8.3800,-0.0000
8.3900,-0.0000
8.4000,-0.0000
8.4100,-0.0000
8.4200,-0.0000
8.4300,-0.0000
8.4400,-0.0000
8.4500,-0.0000
8.4600,-0.0000
8.4700,-0.0000
8.4800,-0.0000
8.4900,-0.0000
8.5000,-0.0000
8.5100,-0.0000
8.5200,-0.0000
8.5300,-0.0000
8.5400,-0.0000
8.5500,-0.0000
8.5600,-0.0000
8.5700,-0.0000
8.5800,-0.0000
8.5900,-0.0000
8.6000,-0.0000
8.6100,-0.0000
8.6200,-0.0000
8.6300,-0.0000
8.6400,-0.0000
8.6500,-0.0000
8.6600,-0.0000
8.6700,-0.0000
8.6800,-0.0000
8.6900,-0.0000
8.7000,-0.0000
8.7100,-0.0000
8.7200,-0.0000
8.7300,-0.0000
8.7400,-0.0000
8.7500,-0.0000
8.7600,-0.0000
8.7700,-0.0000
8.7800,-0.0000
8.7900,-0.0000
8.8000,-0.0000
8.8100,-0.0000
8.8200,-0.0000
8.8300,-0.0000
8.8400,-0.0000
8.8500,-0.0000
8.8600,-0.0000
8.8700,-0.0000
8.8800,-0.0000
8.8900,-0.0000
8.9000,-0.0000
8.9100,-0.0000
8.9200,-0.0000
8.9300,-0.0000
8.9400,-0.0000
8.9500,-0.0000
8.9600,-0.0000
8.9700,-0.0000
8.9800,-0.0000
8.9900,-0.0000
9.0000,-0.0000
9.0100,-0.0000
9.0200,-0.0000
9.0300,-0.0000
9.0400,-0.0000
9.0500,-0.0000
9.0600,-0.0000
9.0700,-0.0000
9.0800,-0.0000
9.0900,-0.0000
9.1000,-0.0000
9.1100,-0.0000
9.1200,-0.0000
9.1300,-0.0000
9.1400,-0.0000
9.1500,-0.0000
9.1600,-0.0000
9.1700,-0.0000
9.1800,-0.0000
9.1900,-0.0000
9.2000,-0.0000
9.2100,-0.0000
9.2200,-0.0000
9.2300,-0.0000
9.2400,-0.0000
9.2500,-0.0000
9.2600,-0.0000
9.2700,-0.0000
9.2800,-0.0000
9.2900,-0.0000
9.3000,-0.0000
9.3100,-0.0000
9.3200,-0.0000
9.3300,-0.0000
9.3400,-0.0000
9.3500,-0.0000
9.3600,-0.0000
9.3700,-0.0000
9.3800,-0.0000
9.3900,-0.0000
9.4000,-0.0000
9.4100,-0.0000
9.4200,-0.0000
9.4300,-0.0000
9.4400,-0.0000
9.4500,-0.0000
9.4600,-0.0000
9.4700,-0.0000
9.4800,-0.0000
9.4900,-0.0000
9.5000,-0.0000
9.5100,-0.0000
9.5200,-0.0000
9.5300,-0.0000
9.5400,-0.0000
9.5500,-0.0000
9.5600,-0.0000
9.5700,-0.0000
9.5800,-0.0000
9.5900,-0.0000
9.6000,-0.0000
9.6100,-0.0000
9.6200,-0.0000
9.6300,-0.0000
9.6400,-0.0000
9.6500,-0.0000
9.6600,-0.0000
9.6700,-0.0000
9.6800,-0.0000
9.6900,-0.0000
9.7000,-0.0000
9.7100,-0.0000
9.7200,-0.0000
9.7300,-0.0000
9.7400,-0.0000
9.7500,-0.0000
9.7600,-0.0000
9.7700,-0.0000
9.7800,-0.0000
9.7900,-0.0000
9.8000,-0.0000
9.8100,-0.0000
9.8200,-0.0000
9.8300,-0.0000
9.8400,-0.0000
9.8500,-0.0000
9.8600,-0.0000
9.8700,-0.0000
9.8800,-0.0000
9.8900,-0.0000
9.9000,-0.0000
9.9100,-0.0000
9.9200,-0.0000
9.9300,-0.0000
9.9400,-0.0000
9.9500,-0.0000
9.9600,-0.0000
9.9700,-0.0000
9.9800,-0.0000
9.9900,-0.0000
10.0000,-0.0000
10.0100,-0.0000
10.0200,-0.0000
10.0300,-0.0000
10.0400,-0.0000
10.0500,-0.0000
10.0600,-0.0000
10.0700,-0.0000
10.0800,-0.0000
10.0900,-0.0000
10.1000,-0.0000
10.1100,-0.0000
10.1200,-0.0000
10.1300,-0.0000
10.1400,-0.0000
10.1500,-0.0000
10.1600,-0.0000
10.1700,-0.0000
10.1800,-0.0000
10.1900,-0.0000
10.2000,-0.0000
10.2100,-0.0000
10.2200,-0.0000
10.2300,-0.0000
10.2400,-0.0000
10.2500,-0.0000
10.2600,-0.0000
10.2700,-0.0000
10.2800,-0.0000
10.2900,-0.0000
10.3000,-0.0000
10.3100,-0.0000
10.3200,-0.0000
10.3300,-0.0000
10.3400,-0.0000
10.3500,-0.0000
10.3600,-0.0000
10.3700,-0.0000
10.3800,-0.0000
10.3900,-0.0000
10.4000,-0.0000
10.4100,-0.0000
10.4200,-0.0000
10.4300,-0.0000
10.4400,-0.0000
10.4500,-0.0000
10.4600,-0.0000
10.4700,-0.0000
10.4800,-0.0000
10.4900,-0.0000
10.5000,-0.0000
10.5100,-0.0000
10.5200,-0.0000
10.5300,-0.0000
10.5400,-0.0000
10.5500,-0.0000
10.5600,-0.0000
10.5700,-0.0000
10.5800,-0.0000
10.5900,-0.0000
10.6000,-0.0000
10.6100,-0.0000
10.6200,-0.0000
10.6300,-0.0000
10.6400,-0.0000
10.6500,-0.0000
10.6600,-0.0000
10.6700,-0.0000
10.6800,-0.0000
10.6900,-0.0000
10.7000,-0.0000
10.7100,-0.0000
10.7200,-0.0000
10.7300,-0.0000
10.7400,-0.0000
10.7500,-0.0000
10.7600,-0.0000
10.7700,-0.0000
10.7800,-0.0000
10.7900,-0.0000
10.8000,-0.0000
10.8100,-0.0000
10.8200,-0.0000
10.8300,-0.0000
10.8400,-0.0000
10.8500,-0.0000
10.8600,-0.0000
10.8700,-0.0000
10.8800,-0.0000
10.8900,-0.0000
10.9000,-0.0000
10.9100,-0.0000
10.9200,-0.0000
10.9300,-0.0000
10.9400,-0.0000
10.9500,-0.0000
10.9600,-0.0000
10.9700,-0.0000
10.9800,-0.0000
10.9900,-0.0000
11.0000,-0.0000
11.0100,-0.0000
11.0200,-0.0000
11.0300,-0.0000
11.0400,-0.0000
11.0500,-0.0000
11.0600,-0.0000
11.0700,-0.0000
11.0800,-0.0000
11.0900,-0.0000
11.1000,-0.0000
11.1100,-0.0000
11.1200,-0.0000
11.1300,-0.0000
11.1400,-0.0000
11.1500,-0.0000
11.1600,-0.0000
11.1700,-0.0000
11.1800,-0.0000
11.1900,-0.0000
11.2000,-0.0000
11.2100,-0.0000
11.2200,-0.0000
11.2300,-0.0000
11.2400,-0.0000
11.2500,-0.0000
11.2600,-0.0000
11.2700,-0.0000
11.2800,-0.0000
11.2900,-0.0000
11.3000,-0.0000
11.3100,-0.0000
11.3200,-0.0000
11.3300,-0.0000
11.3400,-0.0000
11.3500,-0.0000
11.3600,-0.0000
11.3700,-0.0000
11.3800,-0.0000
11.3900,-0.0000
11.4000,-0.0000
11.4100,-0.0000
11.4200,-0.0000
11.4300,-0.0000
11.4400,-0.0000
11.4500,-0.0000
11.4600,-0.0000
11.4700,-0.0000
11.4800,-0.0000
11.4900,-0.0000
11.5000,-0.0000
11.5100,-0.0000
11.5200,-0.0000
11.5300,-0.0000
11.5400,-0.0000
11.5500,-0.0000
11.5600,-0.0000
11.5700,-0.0000
11.5800,-0.0000
11.5900,-0.0000
11.6000,-0.0000
11.6100,-0.0000
11.6200,-0.0000
11.6300,-0.0000
11.6400,-0.0000
11.6500,-0.0000
11.6600,-0.0000
11.6700,-0.0000
11.6800,-0.0000
11.6900,-0.0000
11.7000,-0.0000
11.7100,-0.0000
11.7200,-0.0000
11.7300,-0.0000
11.7400,-0.0000
11.7500,-0.0000
11.7600,-0.0000
11.7700,-0.0000
11.7800,-0.0000
11.7900,-0.0000
11.8000,-0.0000
11.8100,-0.0000
11.8200,-0.0000
11.8300,-0.0000
11.8400,-0.0000
11.8500,-0.0000
11.8600,-0.0000
11.8700,-0.0000
11.8800,-0.0000
11.8900,-0.0000
11.9000,-0.0000
11.9100,-0.0000
11.9200,-0.0000
11.9300,-0.0000
11.9400,-0.0000
11.9500,-0.0000
11.9600,-0.0000
11.9700,-0.0000
11.9800,-0.0000
11.9900,-0.0000
12.0000,-0.0000
12.0100,-0.0000
12.0200,-0.0000
12.0300,-0.0000
12.0400,-0.0000
12.0500,-0.0000
12.0600,-0.0000
12.0700,-0.0000
12.0800,-0.0000
12.0900,-0.0000
12.1000,-0.0000
12.1100,-0.0000
12.1200,-0.0000
12.1300,-0.0000
12.1400,-0.0000
12.1500,-0.0000
12.1600,-0.0000
12.1700,-0.0000
12.1800,-0.0000
12.1900,-0.0000
12.2000,-0.0000
12.2100,-0.0000
12.2200,-0.0000
12.2300,-0.0000
12.2400,-0.0000
12.2500,-0.0000
12.2600,-0.0000
12.2700,-0.0000
12.2800,-0.0000
12.2900,-0.0000
12.3000,-0.0000
12.3100,-0.0000
12.3200,-0.0000
12.3300,-0.0000
12.3400,-0.0000
12.3500,-0.0000
12.3600,-0.0000
12.3700,-0.0000
12.3800,-0.0000
12.3900,-0.0000
12.4000,-0.0000
12.4100,-0.0000
12.4200,-0.0000
12.4300,-0.0000
12.4400,-0.0000
12.4500,-0.0000
12.4600,-0.0000
12.4700,-0.0000
12.4800,-0.0000
12.4900,-0.0000
12.5000,-0.0000
12.5100,-0.0000
12.5200,-0.0000
12.5300,-0.0000
12.5400,-0.0000
12.5500,-0.0000
12.5600,-0.0000
12.5700,-0.0000
12.5800,-0.0000
12.5900,-0.0000
12.6000,-0.0000
12.6100,-0.0000
12.6200,-0.0000
12.6300,-0.0000
12.6400,-0.0000
12.6500,-0.0000
12.6600,-0.0000
12.6700,-0.0000
12.6800,-0.0000
12.6900,-0.0000
12.7000,-0.0000
12.7100,-0.0000
12.7200,-0.0000
12.7300,-0.0000
12.7400,-0.0000
12.7500,-0.0000
12.7600,-0.0000
12.7700,-0.0000
12.7800,-0.0000
12.7900,-0.0000
12.8000,-0.0000
12.8100,-0.0000
12.8200,-0.0000
12.8300,-0.0000
12.8400,-0.0000
12.8500,-0.0000
12.8600,-0.0000
12.8700,-0.0000
12.8800,-0.0000
12.8900,-0.0000
12.9000,-0.0000
12.9100,-0.0000
12.9200,-0.0000
12.9300,-0.0000
12.9400,-0.0000
12.9500,-0.0000
12.9600,-0.0000
12.9700,-0.0000
12.9800,-0.0000
12.9900,-0.0000
13.0000,-0.0000
13.0100,-0.0000
13.0200,-0.0000
13.0300,-0.0000
13.0400,-0.0000
13.0500,-0.0000
13.0600,-0.0000
13.0700,-0.0000
13.0800,-0.0000
13.0900,-0.0000
13.1000,-0.0000
13.1100,-0.0000
13.1200,-0.0000
13.1300,-0.0000
13.1400,-0.0000
13.1500,-0.0000
13.1600,-0.0000
13.1700,-0.0000
13.1800,-0.0000
13.1900,-0.0000
13.2000,-0.0000
13.2100,-0.0000
13.2200,-0.0000
13.2300,-0.0000
13.2400,-0.0000
13.2500,-0.0000
13.2600,-0.0000
13.2700,-0.0000
13.2800,-0.0000
13.2900,-0.0000
13.3000,-0.0000
13.3100,-0.0000
13.3200,-0.0000
13.3300,-0.0000
13.3400,-0.0000
13.3500,-0.0000
13.3600,-0.0000
13.3700,-0.0000
13.3800,-0.0000
13.3900,-0.0000
13.4000,-0.0000
13.4100,-0.0000
13.4200,-0.0000
13.4300,-0.0000
13.4400,-0.0000
13.4500,-0.0000
13.4600,-0.0000
13.4700,-0.0000
13.4800,-0.0000
13.4900,-0.0000
13.5000,-0.0000
13.5100,-0.0000
13.5200,-0.0000
13.5300,-0.0000
13.5400,-0.0000
13.5500,-0.0000
13.5600,-0.0000
13.5700,-0.0000
13.5800,-0.0000
13.5900,-0.0000
13.6000,-0.0000
13.6100,-0.0000
13.6200,-0.0000
13.6300,-0.0000
13.6400,-0.0000
13.6500,-0.0000
13.6600,-0.0000
13.6700,-0.0000
13.6800,-0.0000
13.6900,-0.0000
13.7000,-0.0000
13.7100,-0.0000
13.7200,-0.0000
13.7300,-0.0000
13.7400,-0.0000
13.7500,-0.0000
13.7600,-0.0000
13.7700,-0.0000
13.7800,-0.0000
13.7900,-0.0000
13.8000,-0.0000
13.8100,-0.0000
13.8200,-0.0000
13.8300,-0.0000
13.8400,-0.0000
13.8500,-0.0000
13.8600,-0.0000
13.8700,-0.0000
13.8800,-0.0000
13.8900,-0.0000
13.9000,-0.0000
13.9100,-0.0000
13.9200,-0.0000
13.9300,-0.0000
13.9400,-0.0000
13.9500,-0.0000
13.9600,-0.0000
13.9700,-0.0000
13.9800,-0.0000
13.9900,-0.0000
14.0000,0.0000
14.0100,0.0000
14.0200,0.0000
14.0300,0.0000
14.0400,0.0000
14.0500,0.0000
14.0600,0.0000
14.0700,0.0000
14.0800,0.0000
14.0900,0.0000
14.1000,0.0000
14.1100,0.0000
14.1200,0.0000
14.1300,0.0000
14.1400,0.0000
14.1500,0.0000
14.1600,0.0000
14.1700,0.0000
14.1800,0.0000
14.1900,0.0000
14.2000,0.0000
14.2100,0.0000
14.2200,0.0000
14.2300,0.0000
14.2400,0.0000
14.2500,0.0000
14.2600,0.0000
14.2700,0.0000
14.2800,0.0000
14.2900,0.0000
14.3000,0.0000
14.3100,0.0000
14.3200,0.0000
14.3300,0.0000
14.3400,0.0000
14.3500,0.0000
14.3600,0.0000
14.3700,0.0000
14.3800,0.0000
14.3900,0.0000
14.4000,0.0000
14.4100,0.0000
14.4200,0.0000
14.4300,0.0000
14.4400,0.0000
14.4500,0.0000
14.4600,0.0000
14.4700,0.0000
14.4800,0.0000
14.4900,0.0000
14.5000,0.0000
14.5100,0.0000
14.5200,0.0000
14.5300,0.0000
14.5400,0.0000
14.5500,0.0000
14.5600,0.0000
14.5700,0.0000
14.5800,0.0000
14.5900,0.0000
14.6000,0.0000
14.6100,0.0000
14.6200,0.0000
14.6300,0.0000
14.6400,0.0000
14.6500,0.0000
14.6600,0.0000
14.6700,0.0000
14.6800,0.0000
14.6900,0.0000
14.7000,0.0000
14.7100,0.0000
14.7200,0.0000
14.7300,0.0000
14.7400,0.0000
14.7500,0.0000
14.7600,0.0000
14.7700,0.0000
14.7800,0.0000
14.7900,0.0000
14.8000,0.0000
14.8100,0.0000
14.8200,0.0000
14.8300,0.0000
14.8400,0.0000
14.8500,0.0000
14.8600,0.0000
14.8700,0.0000
14.8800,0.0000
14.8900,0.0000
14.9000,0.0000
14.9100,0.0000
14.9200,0.0000
14.9300,0.0000
14.9400,0.0000
14.9500,0.0000
14.9600,0.0000
14.9700,0.0000
14.9800,0.0000
14.9900,0.0000
15.0000,0.0000
15.0100,0.0000
15.0200,0.0000
15.0300,0.0000
15.0400,0.0000
15.0500,0.0000
15.0600,0.0000
15.0700,0.0000
15.0800,0.0000
15.0900,0.0000
15.1000,0.0000
15.1100,0.0000
15.1200,0.0000
15.1300,0.0000
15.1400,0.0000
15.1500,0.0000
15.1600,0.0000
15.1700,0.0000
15.1800,0.0000
15.1900,0.0000
15.2000,0.0000
15.2100,0.0000
15.2200,0.0000
15.2300,0.0000
15.2400,0.0000
15.2500,0.0000
15.2600,0.0000
15.2700,0.0000
15.2800,0.0000
15.2900,0.0000
15.3000,0.0000
15.3100,0.0000
15.3200,0.0000
15.3300,0.0000
15.3400,0.0000
15.3500,0.0000
15.3600,0.0000
15.3700,0.0000
15.3800,0.0000
15.3900,0.0000
15.4000,0.0000
15.4100,0.0000
15.4200,0.0000
15.4300,0.0000
15.4400,0.0000
15.4500,0.0000
15.4600,0.0000
15.4700,0.0000
15.4800,0.0000
15.4900,0.0000
15.5000,0.0000
15.5100,0.0000
15.5200,0.0000
15.5300,0.0000
15.5400,0.0000
15.5500,0.0000
15.5600,0.0000
15.5700,0.0000
15.5800,0.0000
15.5900,0.0000
15.6000,0.0000
15.6100,0.0000
15.6200,0.0000
15.6300,0.0000
15.6400,0.0000
15.6500,0.0000
15.6600,0.0000
15.6700,0.0000
15.6800,0.0000
15.6900,0.0000
15.7000,0.0000
15.7100,0.0000
15.7200,0.0000
15.7300,0.0000
15.7400,0.0000
15.7500,0.0000
15.7600,0.0000
15.7700,0.0000
15.7800,0.0000
15.7900,0.0000
15.8000,0.0000
15.8100,0.0000
15.8200,0.0000
15.8300,0.0000
15.8400,0.0000
15.8500,0.0000
15.8600,0.0000
15.8700,0.0000
15.8800,0.0000
15.8900,0.0000
15.9000,0.0000
15.9100,0.0000
15.9200,0.0000
15.9300,0.0000
15.9400,0.0000
15.9500,0.0000
15.9600,0.0000
15.9700,0.0000
15.9800,0.0000
15.9900,0.0000
16.0000,0.0000
16.0100,0.0000
16.0200,0.0000
16.0300,0.0000
16.0400,0.0000
16.0500,0.0000
16.0600,0.0000
16.0700,0.0000
16.0800,0.0000
16.0900,0.0000
16.1000,0.0000
16.1100,0.0000
16.1200,0.0000
16.1300,0.0000
16.1400,0.0000
16.1500,0.0000
16.1600,0.0000
16.1700,0.0000
16.1800,0.0000
16.1900,0.0000
16.2000,0.0000
16.2100,0.0000
16.2200,0.0000
16.2300,0.0000
16.2400,0.0000
16.2500,0.0000
16.2600,0.0000
16.2700,0.0000
16.2800,0.0000
16.2900,0.0000
16.3000,0.0000
16.3100,0.0000
16.3200,0.0000
16.3300,0.0000
16.3400,0.0000
16.3500,0.0000
16.3600,0.0000
16.3700,0.0000
16.3800,0.0000
16.3900,0.0000
16.4000,0.0000
16.4100,0.0000
16.4200,0.0000
16.4300,0.0000
16.4400,0.0000
16.4500,0.0000
16.4600,0.0000
16.4700,0.0000
16.4800,0.0000
16.4900,0.0000
16.5000,0.0000
16.5100,0.0000
16.5200,0.0000
16.5300,0.0000
16.5400,0.0000
16.5500,0.0000
16.5600,0.0000
16.5700,0.0000
16.5800,0.0000
16.5900,0.0000
16.6000,0.0000
16.6100,0.0000
16.6200,0.0000
16.6300,0.0000
16.6400,0.0000
16.6500,0.0000
16.6600,0.0000
16.6700,0.0000
16.6800,0.0000
16.6900,0.0000
16.7000,0.0000
16.7100,0.0000
16.7200,0.0000
16.7300,0.0000
16.7400,0.0000
16.7500,0.0000
16.7600,0.0000
16.7700,0.0000
16.7800,0.0000
16.7900,0.0000
16.8000,0.0000
16.8100,0.0000
16.8200,0.0000
16.8300,0.0000
16.8400,0.0000
16.8500,0.0000
16.8600,0.0000
16.8700,0.0000
16.8800,0.0000
16.8900,0.0000
16.9000,0.0000
16.9100,0.0000
16.9200,0.0000
16.9300,0.0000
16.9400,0.0000
16.9500,0.0000
16.9600,0.0000
16.9700,0.0000
16.9800,0.0000
16.9900,0.0000
17.0000,0.0000
17.0100,0.0000
17.0200,0.0000
17.0300,0.0000
17.0400,0.0000
17.0500,0.0000
17.0600,0.0000
17.0700,0.0000
17.0800,0.0000
17.0900,0.0000
17.1000,0.0000
17.1100,0.0000
17.1200,0.0000
17.1300,0.0000
17.1400,0.0000
17.1500,0.0000
17.1600,0.0000
17.1700,0.0000
17.1800,0.0000
17.1900,0.0000
17.2000,0.0000
17.2100,0.0000
17.2200,0.0000
17.2300,0.0000
17.2400,0.0000
17.2500,0.0000
17.2600,0.0000
17.2700,0.0000
17.2800,0.0000
17.2900,0.0000
17.3000,0.0000
17.3100,0.0000
17.3200,0.0000
17.3300,0.0000
17.3400,0.0000
17.3500,0.0000
17.3600,0.0000
17.3700,0.0000
17.3800,0.0000
17.3900,0.0000
17.4000,0.0000
17.4100,0.0000
17.4200,0.0000
17.4300,0.0000
17.4400,0.0000
17.4500,0.0000
17.4600,0.0000
17.4700,0.0000
17.4800,0.0000
17.4900,0.0000
17.5000,0.0000
17.5100,0.0000
17.5200,0.0000
17.5300,0.0000
17.5400,0.0000
17.5500,0.0000
17.5600,0.0000
17.5700,0.0000
17.5800,0.0000
17.5900,0.0000
17.6000,0.0000
17.6100,0.0000
17.6200,0.0000
17.6300,0.0000
17.6400,0.0000
17.6500,0.0000
17.6600,0.0000
17.6700,0.0000
17.6800,0.0000
17.6900,0.0000
17.7000,0.0000
17.7100,0.0000
17.7200,0.0000
17.7300,0.0000
17.7400,0.0000
17.7500,0.0000
17.7600,0.0000
17.7700,0.0000
17.7800,0.0000
17.7900,0.0000
17.8000,0.0000
17.8100,0.0000
17.8200,0.0000
17.8300,0.0000
17.8400,0.0000
17.8500,0.0000
17.8600,0.0000
17.8700,0.0000
17.8800,0.0000
17.8900,0.0000
17.9000,0.0000
17.9100,0.0000
17.9200,0.0000
17.9300,0.0000
17.9400,0.0000
17.9500,0.0000
17.9600,0.0000
17.9700,0.0000
17.9800,0.0000
17.9900,0.0000
18.0000,0.0000
18.0100,0.0000
18.0200,0.0000
18.0300,0.0000
18.0400,0.0000
18.0500,0.0000
18.0600,0.0000
18.0700,0.0000
18.0800,0.0000
18.0900,0.0000
18.1000,0.0000
18.1100,0.0000
18.1200,0.0000
18.1300,0.0000
18.1400,0.0000
18.1500,0.0000
18.1600,0.0000
18.1700,0.0000
18.1800,0.0000
18.1900,0.0000
18.2000,0.0000
18.2100,0.0000
18.2200,0.0000
18.2300,0.0000
18.2400,0.0000
18.2500,0.0000
18.2600,0.0000
18.2700,0.0000
18.2800,0.0000
18.2900,0.0000
18.3000,0.0000
18.3100,0.0000
18.3200,0.0000
18.3300,0.0000
18.3400,0.0000
18.3500,0.0000
18.3600,0.0000
18.3700,0.0000
18.3800,0.0000
18.3900,0.0000
18.4000,0.0000
18.4100,0.0000
18.4200,0.0000
18.4300,0.0000
18.4400,0.0000
18.4500,0.0000
18.4600,0.0000
18.4700,0.0000
18.4800,0.0000
18.4900,0.0000
18.5000,0.0000
18.5100,0.0000
18.5200,0.0000
18.5300,0.0000
18.5400,0.0000
18.5500,0.0000
18.5600,0.0000
18.5700,0.0000
18.5800,0.0000
18.5900,0.0000
18.6000,0.0000
18.6100,0.0000
18.6200,0.0000
18.6300,0.0000
18.6400,0.0000
18.6500,0.0000
18.6600,0.0000
18.6700,0.0000
18.6800,0.0000
18.6900,0.0000
18.7000,0.0000
18.7100,0.0000
18.7200,0.0000
18.7300,0.0000
18.7400,0.0000
18.7500,0.0000
18.7600,0.0000
18.7700,0.0000
18.7800,0.0000
18.7900,0.0000
18.8000,0.0000
18.8100,0.0000
18.8200,0.0000
18.8300,0.0000
18.8400,0.0000
18.8500,0.0000
18.8600,0.0000
18.8700,0.0000
18.8800,0.0000
18.8900,0.0000
18.9000,0.0000
18.9100,0.0000
18.9200,0.0000
18.9300,0.0000
18.9400,0.0000
18.9500,0.0000
18.9600,0.0000
18.9700,0.0000
18.9800,0.0000
18.9900,0.0000
19.0000,0.0000
19.0100,0.0000
19.0200,0.0000
19.0300,0.0000
19.0400,0.0000
19.0500,0.0000
19.0600,0.0000
19.0700,0.0000
19.0800,0.0000
19.0900,0.0000
19.1000,0.0000
19.1100,0.0000
19.1200,0.0000
19.1300,0.0000
19.1400,0.0000
19.1500,0.0000
19.1600,0.0000
19.1700,0.0000
19.1800,0.0000
19.1900,0.0000
19.2000,0.0000
19.2100,0.0000
19.2200,0.0000
19.2300,0.0000
19.2400,0.0000
19.2500,0.0000
19.2600,0.0000
19.2700,0.0000
19.2800,0.0000
19.2900,0.0000
19.3000,0.0000
19.3100,0.0000
19.3200,0.0000
19.3300,0.0000
19.3400,0.0000
19.3500,0.0000
19.3600,0.0000
19.3700,0.0000
19.3800,0.0000
19.3900,0.0000
19.4000,0.0000
19.4100,0.0000
19.4200,0.0000
19.4300,0.0000
19.4400,0.0000
19.4500,0.0000
19.4600,0.0000
19.4700,0.0000
19.4800,0.0000
19.4900,0.0000
19.5000,0.0000
19.5100,0.0000
19.5200,0.0000
19.5300,0.0000
19.5400,0.0000
19.5500,0.0000
19.5600,0.0000
19.5700,0.0000
19.5800,0.0000
19.5900,0.0000
19.6000,0.0000
19.6100,0.0000
19.6200,0.0000
19.6300,0.0000
19.6400,0.0000
19.6500,0.0000
19.6600,0.0000
19.6700,0.0000
19.6800,0.0000
19.6900,0.0000
19.7000,0.0000
19.7100,0.0000
19.7200,0.0000
19.7300,0.0000
19.7400,0.0000
19.7500,0.0000
19.7600,0.0000
19.7700,0.0000
19.7800,0.0000
19.7900,0.0000
19.8000,0.0000
19.8100,0.0000
19.8200,0.0000
19.8300,0.0000
19.8400,0.0000
19.8500,0.0000
19.8600,0.0000
19.8700,0.0000
19.8800,0.0000
19.8900,0.0000
19.9000,0.0000
19.9100,0.0000
19.9200,0.0000
19.9300,0.0000
19.9400,0.0000
19.9500,0.0000
19.9600,0.0000
19.9700,0.0000
19.9800,0.0000
19.9900,0.0000
20.0000,0.0000
20.0100,0.0000
20.0200,0.0000
20.0300,0.0000
20.0400,0.0000
20.0500,0.0000
20.0600,0.0000
20.0700,0.0000
20.0800,0.0000
20.0900,0.0000
20.1000,0.0000
20.1100,0.0000
20.1200,0.0000
20.1300,0.0000
20.1400,0.0000
20.1500,0.0000
20.1600,0.0000
20.1700,0.0000
20.1800,0.0000
20.1900,0.0000
20.2000,0.0000
20.2100,0.0000
20.2200,0.0000
20.2300,0.0000
20.2400,0.0000
20.2500,0.0000
20.2600,0.0000
20.2700,0.0000
20.2800,0.0000
20.2900,0.0000
20.3000,0.0000
20.3100,0.0000
20.3200,0.0000
20.3300,0.0000
20.3400,0.0000
20.3500,0.0000
20.3600,0.0000
20.3700,0.0000
20.3800,0.0000
20.3900,0.0000
20.4000,0.0000
20.4100,0.0000
20.4200,0.0000
20.4300,0.0000
20.4400,0.0000
20.4500,0.0000
20.4600,0.0000
20.4700,0.0000
20.4800,0.0000
20.4900,0.0000
20.5000,0.0000
20.5100,0.0000
20.5200,0.0000
20.5300,0.0000
20.5400,0.0000
20.5500,0.0000
20.5600,0.0000
20.5700,0.0000
20.5800,0.0000
20.5900,0.0000
20.6000,0.0000
20.6100,0.0000
20.6200,0.0000
20.6300,0.0000
20.6400,0.0000
20.6500,0.0000
20.6600,0.0000
20.6700,0.0000
20.6800,0.0000
20.6900,0.0000
20.7000,0.0000
20.7100,0.0000
20.7200,0.0000
20.7300,0.0000
20.7400,0.0000
20.7500,0.0000
20.7600,0.0000
20.7700,0.0000
20.7800,0.0000
20.7900,0.0000
20.8000,0.0000
20.8100,0.0000
20.8200,0.0000
20.8300,0.0000
20.8400,0.0000
20.8500,0.0000
20.8600,0.0000
20.8700,0.0000
20.8800,0.0000
20.8900,0.0000
20.9000,0.0000
20.9100,0.0000
20.9200,0.0000
20.9300,0.0000
20.9400,0.0000
20.9500,0.0000
20.9600,0.0000
20.9700,0.0000
20.9800,0.0000
20.9900,0.0000
21.0000,-0.0000
21.0100,-0.0000
21.0200,-0.0000
21.0300,-0.0000
21.0400,-0.0000
21.0500,-0.0000
21.0600,-0.0000
21.0700,-0.0000
21.0800,-0.0000
21.0900,-0.0000
21.1000,-0.0000
21.1100,-0.0000
21.1200,-0.0000
21.1300,-0.0000
21.1400,-0.0000
21.1500,-0.0000
21.1600,-0.0000
21.1700,-0.0000
21.1800,-0.0000
21.1900,-0.0000
21.2000,-0.0000
21.2100,-0.0000
21.2200,-0.0000
21.2300,-0.0000
21.2400,-0.0000
21.2500,-0.0000
21.2600,-0.0000
21.2700,-0.0000
21.2800,-0.0000
21.2900,-0.0000
21.3000,-0.0000
21.3100,-0.0000
21.3200,-0.0000
21.3300,-0.0000
21.3400,-0.0000
21.3500,-0.0000
21.3600,-0.0000
21.3700,-0.0000
21.3800,-0.0000
21.3900,-0.0000
21.4000,-0.0000
21.4100,-0.0000
21.4200,-0.0000
21.4300,-0.0000
21.4400,-0.0000
21.4500,-0.0000
21.4600,-0.0000
21.4700,-0.0000
21.4800,-0.0000
21.4900,-0.0000
21.5000,-0.0000
21.5100,-0.0000
21.5200,-0.0000
21.5300,-0.0000
21.5400,-0.0000
21.5500,-0.0000
21.5600,-0.0000
21.5700,-0.0000
21.5800,-0.0000
21.5900,-0.0000
21.6000,-0.0000
21.6100,-0.0000
21.6200,-0.0000
21.6300,-0.0000
21.6400,-0.0000
21.6500,-0.0000
21.6600,-0.0000
21.6700,-0.0000
21.6800,-0.0000
21.6900,-0.0000
21.7000,-0.0000
21.7100,-0.0000
21.7200,-0.0000
21.7300,-0.0000
21.7400,-0.0000
21.7500,-0.0000
21.7600,-0.0000
21.7700,-0.0000
21.7800,-0.0000
21.7900,-0.0000
21.8000,-0.0000
21.8100,-0.0000
21.8200,-0.0000
21.8300,-0.0000
21.8400,-0.0000
21.8500,-0.0000
21.8600,-0.0000
21.8700,-0.0000
21.8800,-0.0000
21.8900,-0.0000
21.9000,-0.0000
21.9100,-0.0000
21.9200,-0.0000
21.9300,-0.0000
21.9400,-0.0000
21.9500,-0.0000
21.9600,-0.0000
21.9700,-0.0000
21.9800,-0.0000
21.9900,-0.0000
22.0000,-0.0000
22.0100,-0.0000
22.0200,-0.0000
22.0300,-0.0000
22.0400,-0.0000
22.0500,-0.0000
22.0600,-0.0000
22.0700,-0.0000
22.0800,-0.0000
22.0900,-0.0000
22.1000,-0.0000
22.1100,-0.0000
22.1200,-0.0000
22.1300,-0.0000
22.1400,-0.0000
22.1500,-0.0000
22.1600,-0.0000
22.1700,-0.0000
22.1800,-0.0000
22.1900,-0.0000
22.2000,-0.0000
22.2100,-0.0000
22.2200,-0.0000
22.2300,-0.0000
22.2400,-0.0000
22.2500,-0.0000
22.2600,-0.0000
22.2700,-0.0000
22.2800,-0.0000
22.2900,-0.0000
22.3000,-0.0000
22.3100,-0.0000
22.3200,-0.0000
22.3300,-0.0000
22.3400,-0.0000
22.3500,-0.0000
22.3600,-0.0000
22.3700,-0.0000
22.3800,-0.0000
22.3900,-0.0000
22.4000,-0.0000
22.4100,-0.0000
22.4200,-0.0000
22.4300,-0.0000
22.4400,-0.0000
22.4500,-0.0000
22.4600,-0.0000
22.4700,-0.0000
22.4800,-0.0000
22.4900,-0.0000
22.5000,-0.0000
22.5100,-0.0000
22.5200,-0.0000
22.5300,-0.0000
22.5400,-0.0000
22.5500,-0.0000
22.5600,-0.0000
22.5700,-0.0000
22.5800,-0.0000
22.5900,-0.0000
22.6000,-0.0000
22.6100,-0.0000
22.6200,-0.0000
22.6300,-0.0000
22.6400,-0.0000
22.6500,-0.0000
22.6600,-0.0000
22.6700,-0.0000
22.6800,-0.0000
22.6900,-0.0000
22.7000,-0.0000
22.7100,-0.0000
22.7200,-0.0000
22.7300,-0.0000
22.7400,-0.0000
22.7500,-0.0000
22.7600,-0.0000
22.7700,-0.0000
22.7800,-0.0000
22.7900,-0.0000
22.8000,-0.0000
22.8100,-0.0000
22.8200,-0.0000
22.8300,-0.0000
22.8400,-0.0000
22.8500,-0.0000
22.8600,-0.0000
22.8700,-0.0000
22.8800,-0.0000
22.8900,-0.0000
22.9000,-0.0000
22.9100,-0.0000
22.9200,-0.0000
22.9300,-0.0000
22.9400,-0.0000
22.9500,-0.0000
22.9600,-0.0000
22.9700,-0.0000
22.9800,-0.0000
22.9900,-0.0000
23.0000,-0.0000
23.0100,-0.0000
23.0200,-0.0000
23.0300,-0.0000
23.0400,-0.0000
23.0500,-0.0000
23.0600,-0.0000
23.0700,-0.0000
23.0800,-0.0000
23.0900,-0.0000
23.1000,-0.0000
23.1100,-0.0000
23.1200,-0.0000
23.1300,-0.0000
23.1400,-0.0000
23.1500,-0.0000
23.1600,-0.0000
23.1700,-0.0000
23.1800,-0.0000
23.1900,-0.0000
23.2000,-0.0000
23.2100,-0.0000
23.2200,-0.0000
23.2300,-0.0000
23.2400,-0.0000
23.2500,-0.0000
23.2600,-0.0000
23.2700,-0.0000
23.2800,-0.0000
23.2900,-0.0000
23.3000,-0.0000
23.3100,-0.0000
23.3200,-0.0000
23.3300,-0.0000
23.3400,-0.0000
23.3500,-0.0000
23.3600,-0.0000
23.3700,-0.0000
23.3800,-0.0000
23.3900,-0.0000
23.4000,-0.0000
23.4100,-0.0000
23.4200,-0.0000
23.4300,-0.0000
23.4400,-0.0000
23.4500,-0.0000
23.4600,-0.0000
23.4700,-0.0000
23.4800,-0.0000
23.4900,-0.0000
23.5000,-0.0000
23.5100,-0.0000
23.5200,-0.0000
23.5300,-0.0000
23.5400,-0.0000
23.5500,-0.0000
23.5600,-0.0000
23.5700,-0.0000
23.5800,-0.0000
23.5900,-0.0000
23.6000,-0.0000
23.6100,-0.0000
23.6200,-0.0000
23.6300,-0.0000
23.6400,-0.0000
23.6500,-0.0000
23.6600,-0.0000
23.6700,-0.0000
23.6800,-0.0000
23.6900,-0.0000
23.7000,-0.0000
23.7100,-0.0000
23.7200,-0.0000
23.7300,-0.0000
23.7400,-0.0000
23.7500,-0.0000
23.7600,-0.0000
23.7700,-0.0000
23.7800,-0.0000
23.7900,-0.0000
23.8000,-0.0000
23.8100,-0.0000
23.8200,-0.0000
23.8300,-0.0000
23.8400,-0.0000
23.8500,-0.0000
23.8600,-0.0000
23.8700,-0.0000
23.8800,-0.0000
23.8900,-0.0000
23.9000,-0.0000
23.9100,-0.0000
23.9200,-0.0000
23.9300,-0.0000
23.9400,-0.0000
23.9500,-0.0000
23.9600,-0.0000
23.9700,-0.0000
23.9800,-0.0000
23.9900,-0.0000
24.0000,0.0000
24.0100,0.0000
24.0200,0.0000
24.0300,0.0000
24.0400,0.0000
24.0500,0.0000
24.0600,0.0000
24.0700,0.0000
24.0800,0.0000
24.0900,0.0000
24.1000,0.0000
24.1100,0.0000
24.1200,0.0000
24.1300,0.0000
24.1400,0.0000
24.1500,0.0000
24.1600,0.0000
24.1700,0.0000
24.1800,0.0000
24.1900,0.0000
24.2000,0.0000
24.2100,0.0000
24.2200,0.0000
24.2300,0.0000
24.2400,0.0000
24.2500,0.0000
24.2600,0.0000
24.2700,0.0000
24.2800,0.0000
24.2900,0.0000
24.3000,0.0000
24.3100,0.0000
24.3200,0.0000
24.3300,0.0000
24.3400,0.0000
24.3500,0.0000
24.3600,0.0000
24.3700,0.0000
24.3800,0.0000
24.3900,0.0000
24.4000,0.0000
24.4100,0.0000
24.4200,0.0000
24.4300,0.0000
24.4400,0.0000
24.4500,0.0000
24.4600,0.0000
24.4700,0.0000
24.4800,0.0000
24.4900,0.0000
24.5000,0.0000
24.5100,0.0000
24.5200,0.0000
24.5300,0.0000
24.5400,0.0000
24.5500,0.0000
24.5600,0.0000
24.5700,0.0000
24.5800,0.0000
24.5900,0.0000
24.6000,0.0000
24.6100,0.0000
24.6200,0.0000
24.6300,0.0000
24.6400,0.0000
24.6500,0.0000
24.6600,0.0000
24.6700,0.0000
24.6800,0.0000
24.6900,0.0000
24.7000,0.0000
24.7100,0.0000
24.7200,0.0000
24.7300,0.0000
24.7400,0.0000
24.7500,0.0000
24.7600,0.0000
24.7700,0.0000
24.7800,0.0000
24.7900,0.0000
24.8000,0.0000
24.8100,0.0000
24.8200,0.0000
24.8300,0.0000
24.8400,0.0000
24.8500,0.0000
24.8600,0.0000
24.8700,0.0000
24.8800,0.0000
24.8900,0.0000
24.9000,0.0000
24.9100,0.0000
24.9200,0.0000
24.9300,0.0000
24.9400,0.0000
24.9500,0.0000
24.9600,0.0000
24.9700,0.0000
24.9800,0.0000
24.9900,0.0000
25.0000,0.0000
25.0100,0.0000
25.0200,0.0000
25.0300,0.0000
25.0400,0.0000
25.0500,0.0000
25.0600,0.0000
25.0700,0.0000
25.0800,0.0000
25.0900,0.0000
25.1000,0.0000
25.1100,0.0000
25.1200,0.0000
25.1300,0.0000
25.1400,0.0000
25.1500,0.0000
25.1600,0.0000
25.1700,0.0000
25.1800,0.0000
25.1900,0.0000
25.2000,0.0000
25.2100,0.0000
25.2200,0.0000
25.2300,0.0000
25.2400,0.0000
25.2500,0.0000
25.2600,0.0000
25.2700,0.0000
25.2800,0.0000
25.2900,0.0000
25.3000,0.0000
25.3100,0.0000
25.3200,0.0000
25.3300,0.0000
25.3400,0.0000
25.3500,0.0000
25.3600,0.0000
25.3700,0.0000
25.3800,0.0000
25.3900,0.0000
25.4000,0.0000
25.4100,0.0000
25.4200,0.0000
25.4300,0.0000
25.4400,0.0000
25.4500,0.0000
25.4600,0.0000
25.4700,0.0000
25.4800,0.0000
25.4900,0.0000
25.5000,0.0000
25.5100,0.0000
25.5200,0.0000
25.5300,0.0000
25.5400,0.0000
25.5500,0.0000
25.5600,0.0000
25.5700,0.0000
25.5800,0.0000
25.5900,0.0000
25.6000,0.0000
25.6100,0.0000
25.6200,0.0000
25.6300,0.0000
25.6400,0.0000
25.6500,0.0000
25.6600,0.0000
25.6700,0.0000
25.6800,0.0000
25.6900,0.0000
25.7000,0.0000
25.7100,0.0000
25.7200,0.0000
25.7300,0.0000
25.7400,0.0000
25.7500,0.0000
25.7600,0.0000
25.7700,0.0000
25.7800,0.0000
25.7900,0.0000
25.8000,0.0000
25.8100,0.0000
25.8200,0.0000
25.8300,0.0000
25.8400,0.0000
25.8500,0.0000
25.8600,0.0000
25.8700,0.0000
25.8800,0.0000
25.8900,0.0000
25.9000,0.0000
25.9100,0.0000
25.9200,0.0000
25.9300,0.0000
25.9400,0.0000
25.9500,0.0000
25.9600,0.0000
25.9700,0.0000
25.9800,0.0000
25.9900,0.0000
26.0000,0.0000
26.0100,0.0000
26.0200,0.0000
26.0300,0.0000
26.0400,0.0000
26.0500,0.0000
26.0600,0.0000
26.0700,0.0000
26.0800,0.0000
26.0900,0.0000
26.1000,0.0000
26.1100,0.0000
26.1200,0.0000
26.1300,0.0000
26.1400,0.0000
26.1500,0.0000
26.1600,0.0000
26.1700,0.0000
26.1800,0.0000
26.1900,0.0000
26.2000,0.0000
26.2100,0.0000
26.2200,0.0000
26.2300,0.0000
26.2400,0.0000
26.2500,0.0000
26.2600,0.0000
26.2700,0.0000
26.2800,0.0000
26.2900,0.0000
26.3000,0.0000
26.3100,0.0000
26.3200,0.0000
26.3300,0.0000
26.3400,0.0000
26.3500,0.0000
26.3600,0.0000
26.3700,0.0000
26.3800,0.0000
26.3900,0.0000
26.4000,0.0000
26.4100,0.0000
26.4200,0.0000
26.4300,0.0000
26.4400,0.0000
26.4500,0.0000
26.4600,0.0000
26.4700,0.0000
26.4800,0.0000
26.4900,0.0000
26.5000,0.0000
26.5100,0.0000
26.5200,0.0000
26.5300,0.0000
26.5400,0.0000
26.5500,0.0000
26.5600,0.0000
26.5700,0.0000
26.5800,0.0000
26.5900,0.0000
26.6000,0.0000
26.6100,0.0000
26.6200,0.0000
26.6300,0.0000
26.6400,0.0000
26.6500,0.0000
26.6600,0.0000
26.6700,0.0000
26.6800,0.0000
26.6900,0.0000
26.7000,0.0000
26.7100,0.0000
26.7200,0.0000
26.7300,0.0000
26.7400,0.0000
26.7500,0.0000
26.7600,0.0000
26.7700,0.0000
26.7800,0.0000
26.7900,0.0000
26.8000,0.0000
26.8100,0.0000
26.8200,0.0000
26.8300,0.0000
26.8400,0.0000
26.8500,0.0000
26.8600,0.0000
26.8700,0.0000
26.8800,0.0000
26.8900,0.0000
26.9000,0.0000
26.9100,0.0000
26.9200,0.0000
26.9300,0.0000
26.9400,0.0000
26.9500,0.0000
26.9600,0.0000
26.9700,0.0000
26.9800,0.0000
26.9900,0.0000
27.0000,0.0000
27.0100,0.2102
27.0200,0.4204
27.0300,0.6306
27.0400,0.8407
27.0500,1.0509
27.0600,1.2611
27.0700,1.4713
27.0800,1.6815
27.0900,1.8917
27.1000,2.1019
27.1100,2.3121
27.1200,2.5222
27.1300,2.7324
27.1400,2.9426
27.1500,3.1528
27.1600,3.3630
27.1700,3.5732
27.1800,3.7834
27.1900,3.9936
27.2000,4.2037
27.2100,4.4139
27.2200,4.6241
27.2300,4.8343
27.2400,5.0445
27.2500,5.2547
27.2600,5.4649
27.2700,5.6751
27.2800,5.8852
27.2900,6.0954
27.3000,6.3056
27.3100,6.5158
27.3200,6.7260
27.3300,6.9362
27.3400,7.1464
27.3500,7.3566
27.3600,7.5667
27.3700,7.7769
27.3800,7.9871
27.3900,8.1973
27.4000,8.4075
27.4100,8.6177
27.4200,8.8279
27.4300,9.0381
27.4400,9.2482
27.4500,9.4584
27.4600,9.6686
27.4700,9.8788
27.4800,10.0890
27.4900,10.2992
27.5000,10.5094
27.5100,10.7196
27.5200,10.9297
27.5300,11.1399
27.5400,11.3501
27.5500,11.5603
27.5600,11.7705
27.5700,11.9807
27.5800,12.1909
27.5900,12.4011
27.6000,12.6112
27.6100,12.8214
27.6200,13.0316
27.6300,13.2418
27.6400,13.4520
27.6500,13.6622
27.6600,13.8724
27.6700,14.0825
27.6800,14.2927
27.6900,14.5029
27.7000,14.7131
27.7100,14.9233
27.7200,15.1335
27.7300,15.3437
27.7400,15.5539
27.7500,15.7640
27.7600,15.9742
27.7700,16.1844
27.7800,16.3946
27.7900,16.6048
27.8000,16.8150
27.8100,17.0252
27.8200,17.2354
27.8300,17.4455
27.8400,17.6557
27.8500,17.8659
27.8600,18.0761
27.8700,18.2863
27.8800,18.4965
27.8900,18.7067
27.9000,18.9169
27.9100,19.1270
27.9200,19.3372
27.9300,19.5474
27.9400,19.7576
27.9500,19.9678
27.9600,20.1780
27.9700,20.3882
27.9800,20.5984
27.9900,20.8085
28.0000,21.0187
28.0100,21.2289
28.0200,21.4391
28.0300,21.6493
28.0400,21.8595
28.0500,22.0697
28.0600,22.2799
28.0700,22.4900
28.0800,22.7002
28.0900,22.9104
28.1000,23.1206
28.1100,23.3308
28.1200,23.5410
28.1300,23.7512
28.1400,23.9614
28.1500,24.1715
28.1600,24.3817
28.1700,24.5919
28.1800,24.8021
28.1900,25.0123
28.2000,25.2225
28.2100,25.4327
28.2200,25.6428
28.2300,25.8530
28.2400,26.0632
28.2500,26.2734
28.2600,26.4836
28.2700,26.6938
28.2800,26.9040
28.2900,27.1142
28.3000,27.3243
28.3100,27.5345
28.3200,27.7447
28.3300,27.9549
28.3400,28.1651
28.3500,28.3753
28.3600,28.5855
28.3700,28.7957
28.3800,29.0058
28.3900,29.2160
28.4000,29.4262
28.4100,29.6364
28.4200,29.8466
28.4300,30.0568
28.4400,30.2670
28.4500,30.4772
28.4600,30.6873
28.4700,30.8975
28.4800,31.1077
28.4900,31.3179
28.5000,31.5281
28.5100,31.7383
28.5200,31.9485
28.5300,32.1587
28.5400,32.3688
28.5500,32.5790
28.5600,32.7892
28.5700,32.9994
28.5800,33.2096
28.5900,33.4198
28.6000,33.6300
28.6100,33.8402
28.6200,34.0503
28.6300,34.2605
28.6400,34.4707
28.6500,34.6809
28.6600,34.8911
28.6700,35.1013
28.6800,35.3115
28.6900,35.5217
28.7000,35.7318
28.7100,35.9420
28.7200,36.1522
28.7300,36.3624
28.7400,36.5726
28.7500,36.7828
28.7600,36.9930
28.7700,37.2032
28.7800,37.4133
28.7900,37.6235
28.8000,37.8337
28.8100,38.0439
28.8200,38.2541
28.8300,38.4643
28.8400,38.6745
28.8500,38.8846
28.8600,39.0948
28.8700,39.3050
28.8800,39.5152
28.8900,39.7254
28.9000,39.9356
28.9100,40.1458
28.9200,40.3560
28.9300,40.5661
28.9400,40.7763
28.9500,40.9865
28.9600,41.1967
28.9700,41.4069
28.9800,41.6171
28.9900,41.8273
29.0000,42.0375
29.0100,42.2476
29.0200,42.4578
29.0300,42.6680
29.0400,42.8782
29.0500,43.0884
29.0600,43.2986
29.0700,43.5088
29.0800,43.7190
29.0900,43.9291
29.1000,44.1393
29.1100,44.3495
29.1200,44.5597
29.1300,44.7699
29.1400,44.9801
29.1500,45.1903
29.1600,45.4005
29.1700,45.6106
29.1800,45.8208
29.1900,46.0310
29.2000,46.2412
29.2100,46.4514
29.2200,46.6616
29.2300,46.8718
29.2400,47.0820
29.2500,47.2921
29.2600,47.5023
29.2700,47.7125
29.2800,47.9227
29.2900,48.1329
29.3000,48.3431
29.3100,48.5533
29.3200,48.7635
29.3300,48.9736
29.3400,49.1838
29.3500,49.3940
29.3600,49.6042
29.3700,49.8144
29.3800,50.0246
29.3900,50.2348
29.4000,50.4449
29.4100,50.6551
29.4200,50.8653
29.4300,51.0755
29.4400,51.2857
29.4500,51.4959
29.4600,51.7061
29.4700,51.9163
29.4800,52.1264
29.4900,52.3366
29.5000,52.5468
29.5100,52.7570
29.5200,52.9672
29.5300,53.1774
29.5400,53.3876
29.5500,53.5978
29.5600,53.8079
29.5700,54.0181
29.5800,54.2283
29.5900,54.4385
29.6000,54.6487
29.6100,54.8589
29.6200,55.0691
29.6300,55.2793
29.6400,55.4894
29.6500,55.6996
29.6600,55.9098
29.6700,56.1200
29.6800,56.3302
29.6900,56.5404
29.7000,56.7506
29.7100,56.9608
29.7200,57.1709
29.7300,57.3811
29.7400,57.5913
29.7500,57.8015
29.7600,58.0117
29.7700,58.2219
29.7800,58.4321
29.7900,58.6423
29.8000,58.8524
29.8100,59.0626
29.8200,59.2728
29.8300,59.4830
29.8400,59.6932
29.8500,59.9034
29.8600,60.1136
29.8700,60.3238
29.8800,60.5339
29.8900,60.7441
29.9000,60.9543
29.9100,61.1645
29.9200,61.3747
29.9300,61.5849
29.9400,61.7951
29.9500,62.0053
29.9600,62.2154
29.9700,62.4256
29.9800,62.6358
29.9900,62.8460
