0.0000,0.0000
0.0100,0.2727
0.0200,0.3857
0.0300,0.4724
0.0400,0.5455
0.0500,0.6099
0.0600,0.6681
0.0700,0.7216
0.0800,0.7714
0.0900,0.8182
0.1000,0.8625
0.1100,0.9046
0.1200,0.9448
0.1300,0.9834
0.1400,1.0205
0.1500,1.0564
0.1600,1.0910
0.1700,1.1246
0.1800,1.1572
0.1900,1.1889
0.2000,1.2198
0.2100,1.2499
0.2200,1.2793
0.2300,1.3081
0.2400,1.3362
0.2500,1.3638
0.2600,1.3908
0.2700,1.4173
0.2800,1.4433
0.2900,1.4688
0.3000,1.4939
0.3100,1.5186
0.3200,1.5429
0.3300,1.5669
0.3400,1.5904
0.3500,1.6136
0.3600,1.6365
0.3700,1.6591
0.3800,1.6814
0.3900,1.7034
0.4000,1.7251
0.4100,1.7465
0.4200,1.7677
0.4300,1.7886
0.4400,1.8093
0.4500,1.8297
0.4600,1.8499
0.4700,1.8699
0.4800,1.8897
0.4900,1.9093
0.5000,1.9287
0.5100,1.9479
0.5200,1.9669
0.5300,1.9857
0.5400,2.0044
0.5500,2.0228
0.5600,2.0411
0.5700,2.0593
0.5800,2.0773
0.5900,2.0951
0.6000,2.1128
0.6100,2.1303
0.6200,2.1477
0.6300,2.1650
0.6400,2.1821
0.6500,2.1991
0.6600,2.2159
0.6700,2.2327
0.6800,2.2493
0.6900,2.2657
0.7000,2.2821
0.7100,2.2983
0.7200,2.3145
0.7300,2.3305
0.7400,2.3464
0.7500,2.3622
0.7600,2.3779
0.7700,2.3935
0.7800,2.4090
0.7900,2.4244
0.8000,2.4397
0.8100,2.4549
0.8200,2.4700
0.8300,2.4850
0.8400,2.4999
0.8500,2.5148
0.8600,2.5295
0.8700,2.5442
0.8800,2.5588
0.8900,2.5733
0.9000,2.5877
0.9100,2.6020
0.9200,2.6163
0.9300,2.6305
0.9400,2.6446
0.9500,2.6586
0.9600,2.6726
0.9700,2.6865
0.9800,2.7003
0.9900,2.7140
1.0000,2.7277
1.0100,2.7413
1.0200,2.7548
1.0300,2.7683
1.0400,2.7817
1.0500,2.7951
1.0600,2.8083
1.0700,2.8216
1.0800,2.8347
1.0900,2.8478
1.1000,2.8609
1.1100,2.8738
1.1200,2.8868
1.1300,2.8996
1.1400,2.9124
1.1500,2.9252
1.1600,2.9379
1.1700,2.9505
1.1800,2.9631
1.1900,2.9756
1.2000,2.9881
1.2100,3.0005
1.2200,3.0129
1.2300,3.0252
1.2400,3.0375
1.2500,3.0497
1.2600,3.0619
1.2700,3.0740
1.2800,3.0861
1.2900,3.0981
1.3000,3.1101
1.3100,3.1221
1.3200,3.1340
1.3300,3.1458
1.3400,3.1576
1.3500,3.1694
1.3600,3.1811
1.3700,3.1928
1.3800,3.2044
1.3900,3.2160
1.4000,3.2276
1.4100,3.2391
1.4200,3.2505
1.4300,3.2620
1.4400,3.2734
1.4500,3.2847
1.4600,3.2960
1.4700,3.3073
1.4800,3.3185
1.4900,3.3297
1.5000,3.3409
1.5100,3.3520
1.5200,3.3631
1.5300,3.3741
1.5400,3.3851
1.5500,3.3961
1.5600,3.4071
1.5700,3.4180
1.5800,3.4288
1.5900,3.4397
1.6000,3.4505
1.6100,3.4612
1.6200,3.4720
1.6300,3.4827
1.6400,3.4933
1.6500,3.5040
1.6600,3.5146
1.6700,3.5252
1.6800,3.5357
1.6900,3.5462
1.7000,3.5567
1.7100,3.5671
1.7200,3.5776
1.7300,3.5879
1.7400,3.5983
1.7500,3.6086
1.7600,3.6189
1.7700,3.6292
1.7800,3.6394
1.7900,3.6497
1.8000,3.6598
1.8100,3.6700
1.8200,3.6801
1.8300,3.6902
1.8400,3.7003
1.8500,3.7103
1.8600,3.7204
1.8700,3.7303
1.8800,3.7403
1.8900,3.7502
1.9000,3.7602
1.9100,3.7700
1.9200,3.7799
1.9300,3.7897
1.9400,3.7995
1.9500,3.8093
1.9600,3.8191
1.9700,3.8288
1.9800,3.8385
1.9900,3.8482
2.0000,3.8579
2.0100,3.8675
2.0200,3.8771
2.0300,3.8867
2.0400,3.8963
2.0500,3.9058
2.0600,3.9153
2.0700,3.9248
2.0800,3.9343
2.0900,3.9437
2.1000,3.9532
2.1100,3.9626
2.1200,3.9720
2.1300,3.9813
2.1400,3.9907
2.1500,4.0000
2.1600,4.0093
2.1700,4.0185
2.1800,4.0278
2.1900,4.0370
2.2000,4.0462
2.2100,4.0554
2.2200,4.0646
2.2300,4.0737
2.2400,4.0829
2.2500,4.0920
2.2600,4.1011
2.2700,4.1101
2.2800,4.1192
2.2900,4.1282
2.3000,4.1372
2.3100,4.1462
2.3200,4.1552
2.3300,4.1641
2.3400,4.1730
2.3500,4.1820
2.3600,4.1908
2.3700,4.1997
2.3800,4.2086
2.3900,4.2174
2.4000,4.2262
2.4100,4.2350
2.4200,4.2438
2.4300,4.2526
2.4400,4.2613
2.4500,4.2700
2.4600,4.2787
2.4700,4.2874
2.4800,4.2961
2.4900,4.3048
2.5000,4.3134
2.5100,4.3220
2.5200,4.3306
2.5300,4.3392
2.5400,4.3478
2.5500,4.3563
2.5600,4.3649
2.5700,4.3734
2.5800,4.3819
2.5900,4.3904
2.6000,4.3989
2.6100,4.4073
2.6200,4.4158
2.6300,4.4242
2.6400,4.4326
2.6500,4.4410
2.6600,4.4494
2.6700,4.4577
2.6800,4.4661
2.6900,4.4744
2.7000,4.4827
2.7100,4.4910
2.7200,4.4993
2.7300,4.5075
2.7400,4.5158
2.7500,4.5240
2.7600,4.5323
2.7700,4.5405
2.7800,4.5487
2.7900,4.5568
2.8000,4.5650
2.8100,4.5731
2.8200,4.5813
2.8300,4.5894
2.8400,4.5975
2.8500,4.6056
2.8600,4.6137
2.8700,4.6217
2.8800,4.6298
2.8900,4.6378
2.9000,4.6458
2.9100,4.6538
2.9200,4.6618
2.9300,4.6698
2.9400,4.6778
2.9500,4.6857
2.9600,4.6937
2.9700,4.7016
2.9800,4.7095
2.9900,4.7174
3.0000,4.7174
3.0100,5.0184
3.0200,5.3194
3.0300,5.6204
3.0400,5.9214
3.0500,6.2224
3.0600,6.5234
3.0700,6.8244
3.0800,7.1254
3.0900,7.4264
3.1000,7.7275
3.1100,8.0285
3.1200,8.3295
3.1300,8.6305
3.1400,8.9315
3.1500,9.2325
3.1600,9.5335
3.1700,9.8345
3.1800,10.1355
3.1900,10.4365
3.2000,10.7375
3.2100,11.0385
3.2200,11.3395
3.2300,11.6405
3.2400,11.9415
3.2500,12.2425
3.2600,12.5435
3.2700,12.8445
3.2800,13.1455
3.2900,13.4465
3.3000,13.7475
3.3100,14.0485
3.3200,14.3495
3.3300,14.6505
3.3400,14.9515
3.3500,15.2525
3.3600,15.5535
3.3700,15.8545
3.3800,16.1555
3.3900,16.4565
3.4000,16.7576
3.4100,17.0586
3.4200,17.3596
3.4300,17.6606
3.4400,17.9616
3.4500,18.2626
3.4600,18.5636
3.4700,18.8646
3.4800,19.1656
3.4900,19.4666
3.5000,19.7676
3.5100,20.0686
3.5200,20.3695
3.5300,20.6703
3.5400,20.9712
3.5500,21.2719
3.5600,21.5726
3.5700,21.8733
3.5800,22.1738
3.5900,22.4744
3.6000,22.7749
3.6100,23.0753
3.6200,23.3757
3.6300,23.6760
3.6400,23.9762
3.6500,24.2764
3.6600,24.5766
3.6700,24.8766
3.6800,25.1767
3.6900,25.4766
3.7000,25.7766
3.7100,26.0764
3.7200,26.3762
3.7300,26.6760
3.7400,26.9757
3.7500,27.2753
3.7600,27.5749
3.7700,27.8744
3.7800,28.1738
3.7900,28.4732
3.8000,28.7726
3.8100,29.0719
3.8200,29.3711
3.8300,29.6703
3.8400,29.9694
3.8500,30.2684
3.8600,30.5674
3.8700,30.8663
3.8800,31.1652
3.8900,31.4640
3.9000,31.7628
3.9100,32.0615
3.9200,32.3601
3.9300,32.6587
3.9400,32.9572
3.9500,33.2556
3.9600,33.5540
3.9700,33.8523
3.9800,34.1506
3.9900,34.4488
4.0000,34.7469
4.0100,35.0450
4.0200,35.3430
4.0300,35.6410
4.0400,35.9389
4.0500,36.2367
4.0600,36.5345
4.0700,36.8322
4.0800,37.1298
4.0900,37.4274
4.1000,37.7249
4.1100,38.0224
4.1200,38.3197
4.1300,38.6171
4.1400,38.9143
4.1500,39.2115
4.1600,39.5086
4.1700,39.8057
4.1800,40.1027
4.1900,40.3996
4.2000,40.6964
4.2100,40.9932
4.2200,41.2899
4.2300,41.5866
4.2400,41.8832
4.2500,42.1797
4.2600,42.4761
4.2700,42.7725
4.2800,43.0688
4.2900,43.3650
4.3000,43.6612
4.3100,43.9573
4.3200,44.2533
4.3300,44.5492
4.3400,44.8451
4.3500,45.1409
4.3600,45.4366
4.3700,45.7323
4.3800,46.0279
4.3900,46.3234
4.4000,46.6188
4.4100,46.9141
4.4200,47.2094
4.4300,47.5046
4.4400,47.7998
4.4500,48.0948
4.4600,48.3898
4.4700,48.6847
4.4800,48.9795
4.4900,49.2742
4.5000,49.5688
4.5100,49.8634
4.5200,50.1579
4.5300,50.4523
4.5400,50.7466
4.5500,51.0409
4.5600,51.3350
4.5700,51.6291
4.5800,51.9231
4.5900,52.2170
4.6000,52.5108
4.6100,52.8045
4.6200,53.0982
4.6300,53.3917
4.6400,53.6852
4.6500,53.9785
4.6600,54.2718
4.6700,54.5650
4.6800,54.8581
4.6900,55.1511
4.7000,55.4440
4.7100,55.7368
4.7200,56.0295
4.7300,56.3221
4.7400,56.6146
4.7500,56.9070
4.7600,57.1993
4.7700,57.4915
4.7800,57.7837
4.7900,58.0757
4.8000,58.3675
4.8100,58.6593
4.8200,58.9510
4.8300,59.2426
4.8400,59.5340
4.8500,59.8254
4.8600,60.1166
4.8700,60.4078
4.8800,60.6988
4.8900,60.9896
4.9000,61.2804
4.9100,61.5711
4.9200,61.8616
4.9300,62.1520
4.9400,62.4423
4.9500,62.7324
4.9600,63.0224
4.9700,63.3123
4.9800,63.6021
4.9900,63.8917
5.0000,64.1812
5.0100,64.4705
5.0200,64.7597
5.0300,65.0488
5.0400,65.3377
5.0500,65.6264
5.0600,65.9150
5.0700,66.2035
5.0800,66.4918
5.0900,66.7799
5.1000,67.0679
5.1100,67.3557
5.1200,67.6433
5.1300,67.9307
5.1400,68.2180
5.1500,68.5051
5.1600,68.7920
5.1700,69.0788
5.1800,69.3653
5.1900,69.6516
5.2000,69.9378
5.2100,70.2237
5.2200,70.5094
5.2300,70.7949
5.2400,71.0802
5.2500,71.3652
5.2600,71.6501
5.2700,71.9346
5.2800,72.2190
5.2900,72.5030
5.3000,72.7869
5.3100,73.0704
5.3200,73.3537
5.3300,73.6367
5.3400,73.9194
5.3500,74.2018
5.3600,74.4838
5.3700,74.7656
5.3800,75.0470
5.3900,75.3281
5.4000,75.6088
5.4100,75.8892
5.4200,76.1691
5.4300,76.4487
5.4400,76.7278
5.4500,77.0065
5.4600,77.2848
5.4700,77.5626
5.4800,77.8399
5.4900,78.1167
5.5000,78.3929
5.5100,78.6686
5.5200,78.9437
5.5300,79.2181
5.5400,79.4920
5.5500,79.7651
5.5600,80.0375
5.5700,80.3092
5.5800,80.5800
5.5900,80.8500
5.6000,81.1191
5.6100,81.3872
5.6200,81.6543
5.6300,81.9204
5.6400,82.1852
5.6500,82.4488
5.6600,82.7111
5.6700,82.9720
5.6800,83.2313
5.6900,83.4889
5.7000,83.7448
5.7100,83.9987
5.7200,84.2506
5.7300,84.5001
5.7400,84.7472
5.7500,84.9915
5.7600,85.2329
5.7700,85.4710
5.7800,85.7055
5.7900,85.9361
5.8000,86.1622
5.8100,86.3835
5.8200,86.5995
5.8300,86.8094
5.8400,87.0127
5.8500,87.2086
5.8600,87.3962
5.8700,87.5746
5.8800,87.7426
5.8900,87.8991
5.9000,88.0430
5.9100,88.1727
5.9200,88.2868
5.9300,88.3840
5.9400,88.4628
5.9500,88.5218
5.9600,88.5599
5.9700,88.5761
5.9800,88.5698
5.9900,88.5406
6.0000,93.0869
6.0100,94.0762
6.0200,94.9401
6.0300,95.7118
6.0400,96.4117
6.0500,97.0534
6.0600,97.6463
6.0700,98.1976
6.0800,98.7125
6.0900,99.1953
6.1000,99.6496
6.1100,100.0780
6.1200,100.4829
6.1300,100.8665
6.1400,101.2302
6.1500,101.5758
6.1600,101.9043
6.1700,102.2171
6.1800,102.5150
6.1900,102.7991
6.2000,103.0701
6.2100,103.3287
6.2200,103.5757
6.2300,103.8115
6.2400,104.0368
6.2500,104.2520
6.2600,104.4577
6.2700,104.6542
6.2800,104.8419
6.2900,105.0211
6.3000,105.1923
6.3100,105.3556
6.3200,105.5115
6.3300,105.6601
6.3400,105.8017
6.3500,105.9365
6.3600,106.0648
6.3700,106.1867
6.3800,106.3024
6.3900,106.4121
6.4000,106.5161
6.4100,106.6143
6.4200,106.7070
6.4300,106.7943
6.4400,106.8764
6.4500,106.9533
6.4600,107.0252
6.4700,107.0922
6.4800,107.1544
6.4900,107.2119
6.5000,107.2647
6.5100,107.3130
6.5200,107.3569
6.5300,107.3964
6.5400,107.4317
6.5500,107.4627
6.5600,107.4896
6.5700,107.5124
6.5800,107.5312
6.5900,107.5460
6.6000,107.5569
6.6100,107.5640
6.6200,107.5673
6.6300,107.5668
6.6400,107.5627
6.6500,107.5549
6.6600,107.5435
6.6700,107.5285
6.6800,107.5101
6.6900,107.4881
6.7000,107.4627
6.7100,107.4339
6.7200,107.4018
6.7300,107.3663
6.7400,107.3274
6.7500,107.2854
6.7600,107.2400
6.7700,107.1915
6.7800,107.1398
6.7900,107.0849
6.8000,107.0269
6.8100,106.9658
6.8200,106.9016
6.8300,106.8344
6.8400,106.7641
6.8500,106.6908
6.8600,106.6145
6.8700,106.5353
6.8800,106.4531
6.8900,106.3680
6.9000,106.2800
6.9100,106.1891
6.9200,106.0954
6.9300,105.9988
6.9400,105.8993
6.9500,105.7971
6.9600,105.6921
6.9700,105.5843
6.9800,105.4737
6.9900,105.3604
7.0000,105.2444
7.0100,105.1256
7.0200,105.0042
7.0300,104.8801
7.0400,104.7533
7.0500,104.6239
7.0600,104.4919
7.0700,104.3572
7.0800,104.2199
7.0900,104.0801
7.1000,103.9376
7.1100,103.7926
7.1200,103.6451
7.1300,103.4950
7.1400,103.3425
7.1500,103.1874
7.1600,103.0298
7.1700,102.8697
7.1800,102.7072
7.1900,102.5423
7.2000,102.3749
7.2100,102.2050
7.2200,102.0328
7.2300,101.8582
7.2400,101.6812
7.2500,101.5018
7.2600,101.3201
7.2700,101.1360
7.2800,100.9496
7.2900,100.7609
7.3000,100.5699
7.3100,100.3766
7.3200,100.1810
7.3300,99.9832
7.3400,99.7831
7.3500,99.5808
7.3600,99.3763
7.3700,99.1696
7.3800,98.9607
7.3900,98.7496
7.4000,98.5363
7.4100,98.3209
7.4200,98.1033
7.4300,97.8837
7.4400,97.6619
7.4500,97.4380
7.4600,97.2121
7.4700,96.9841
7.4800,96.7540
7.4900,96.5219
7.5000,96.2878
7.5100,96.0517
7.5200,95.8136
7.5300,95.5735
7.5400,95.3314
7.5500,95.0874
7.5600,94.8415
7.5700,94.5936
7.5800,94.3438
7.5900,94.0922
7.6000,93.8387
7.6100,93.5833
7.6200,93.3261
7.6300,93.0670
7.6400,92.8061
7.6500,92.5435
7.6600,92.2790
7.6700,92.0128
7.6800,91.7448
7.6900,91.4751
7.7000,91.2037
7.7100,90.9305
7.7200,90.6557
7.7300,90.3792
7.7400,90.1010
7.7500,89.8212
7.7600,89.5397
7.7700,89.2567
7.7800,88.9720
7.7900,88.6858
7.8000,88.3980
7.8100,88.1086
7.8200,87.8177
7.8300,87.5252
7.8400,87.2313
7.8500,86.9359
7.8600,86.6389
7.8700,86.3406
7.8800,86.0407
7.8900,85.7395
7.9000,85.4368
7.9100,85.1327
7.9200,84.8272
7.9300,84.5204
7.9400,84.2122
7.9500,83.9026
7.9600,83.5917
7.9700,83.2795
7.9800,82.9660
7.9900,82.6512
8.0000,82.3352
8.0100,82.0178
8.0200,81.6993
8.0300,81.3794
8.0400,81.0584
8.0500,80.7362
8.0600,80.4127
8.0700,80.0881
8.0800,79.7623
8.0900,79.4354
8.1000,79.1073
8.1100,78.7781
8.1200,78.4477
8.1300,78.1163
8.1400,77.7837
8.1500,77.4501
8.1600,77.1154
8.1700,76.7796
8.1800,76.4428
8.1900,76.1050
8.2000,75.7661
8.2100,75.4262
8.2200,75.0852
8.2300,74.7433
8.2400,74.4004
8.2500,74.0565
8.2600,73.7117
8.2700,73.3658
8.2800,73.0191
8.2900,72.6713
8.3000,72.3227
8.3100,71.9731
8.3200,71.6225
8.3300,71.2711
8.3400,70.9187
8.3500,70.5655
8.3600,70.2113
8.3700,69.8563
8.3800,69.5003
8.3900,69.1435
8.4000,68.7858
8.4100,68.4273
8.4200,68.0678
8.4300,67.7075
8.4400,67.3464
8.4500,66.9844
8.4600,66.6215
8.4700,66.2578
8.4800,65.8932
8.4900,65.5278
8.5000,65.1615
8.5100,64.7944
8.5200,64.4265
8.5300,64.0576
8.5400,63.6880
8.5500,63.3175
8.5600,62.9461
8.5700,62.5739
8.5800,62.2009
8.5900,61.8270
8.6000,61.4522
8.6100,61.0766
8.6200,60.7001
8.6300,60.3227
8.6400,59.9445
8.6500,59.5653
8.6600,59.1853
8.6700,58.8044
8.6800,58.4226
8.6900,58.0399
8.7000,57.6562
8.7100,57.2717
8.7200,56.8862
8.7300,56.4997
8.7400,56.1123
8.7500,55.7239
8.7600,55.3345
8.7700,54.9441
8.7800,54.5527
8.7900,54.1603
8.8000,53.7669
8.8100,53.3724
8.8200,52.9768
8.8300,52.5801
8.8400,52.1823
8.8500,51.7833
8.8600,51.3833
8.8700,50.9820
8.8800,50.5795
8.8900,50.1758
8.9000,49.7709
8.9100,49.3647
8.9200,48.9572
8.9300,48.5483
8.9400,48.1381
8.9500,47.7265
8.9600,47.3135
8.9700,46.8990
8.9800,46.4831
8.9900,46.0655
