0.0000,-161.8739
0.0100,-161.9463
0.0200,-162.0189
0.0300,-162.0915
0.0400,-162.1643
0.0500,-162.2372
0.0600,-162.3103
0.0700,-162.3835
0.0800,-162.4568
0.0900,-162.5303
0.1000,-162.6038
0.1100,-162.6776
0.1200,-162.7514
0.1300,-162.8254
0.1400,-162.8995
0.1500,-162.9738
0.1600,-163.0482
0.1700,-163.1227
0.1800,-163.1973
0.1900,-163.2721
0.2000,-163.3470
0.2100,-163.4221
0.2200,-163.4973
0.2300,-163.5726
0.2400,-163.6480
0.2500,-163.7236
0.2600,-163.7993
0.2700,-163.8752
0.2800,-163.9512
0.2900,-164.0273
0.3000,-164.1036
0.3100,-164.1800
0.3200,-164.2565
0.3300,-164.3332
0.3400,-164.4100
0.3500,-164.4869
0.3600,-164.5640
0.3700,-164.6412
0.3800,-164.7185
0.3900,-164.7960
0.4000,-164.8736
0.4100,-164.9513
0.4200,-165.0292
0.4300,-165.1072
0.4400,-165.1854
0.4500,-165.2637
0.4600,-165.3421
0.4700,-165.4206
0.4800,-165.4993
0.4900,-165.5782
0.5000,-165.6571
0.5100,-165.7362
0.5200,-165.8155
0.5300,-165.8948
0.5400,-165.9744
0.5500,-166.0540
0.5600,-166.1338
0.5700,-166.2137
0.5800,-166.2938
0.5900,-166.3739
0.6000,-166.4543
0.6100,-166.5347
0.6200,-166.6153
0.6300,-166.6961
0.6400,-166.7769
0.6500,-166.8580
0.6600,-166.9391
0.6700,-167.0204
0.6800,-167.1018
0.6900,-167.1834
0.7000,-167.2650
0.7100,-167.3469
0.7200,-167.4288
0.7300,-167.5109
0.7400,-167.5932
0.7500,-167.6756
0.7600,-167.7581
0.7700,-167.8407
0.7800,-167.9235
0.7900,-168.0064
0.8000,-168.0895
0.8100,-168.1727
0.8200,-168.2560
0.8300,-168.3395
0.8400,-168.4231
0.8500,-168.5068
0.8600,-168.5907
0.8700,-168.6747
0.8800,-168.7588
0.8900,-168.8431
0.9000,-168.9276
0.9100,-169.0121
0.9200,-169.0968
0.9300,-169.1816
0.9400,-169.2666
0.9500,-169.3517
0.9600,-169.4370
0.9700,-169.5223
0.9800,-169.6078
0.9900,-169.6935
1.0000,-169.7793
1.0100,-169.8652
1.0200,-169.9512
1.0300,-170.0374
1.0400,-170.1238
1.0500,-170.2102
1.0600,-170.2968
1.0700,-170.3835
1.0800,-170.4704
1.0900,-170.5574
1.1000,-170.6446
1.1100,-170.7318
1.1200,-170.8192
1.1300,-170.9068
1.1400,-170.9945
1.1500,-171.0823
1.1600,-171.1702
1.1700,-171.2583
1.1800,-171.3465
1.1900,-171.4349
1.2000,-171.5233
1.2100,-171.6120
1.2200,-171.7007
1.2300,-171.7896
1.2400,-171.8786
1.2500,-171.9678
1.2600,-172.0571
1.2700,-172.1465
1.2800,-172.2360
1.2900,-172.3257
1.3000,-172.4155
1.3100,-172.5055
1.3200,-172.5956
1.3300,-172.6858
1.3400,-172.7761
1.3500,-172.8666
1.3600,-172.9572
1.3700,-173.0480
1.3800,-173.1388
1.3900,-173.2298
1.4000,-173.3210
1.4100,-173.4122
1.4200,-173.5036
1.4300,-173.5952
1.4400,-173.6868
1.4500,-173.7786
1.4600,-173.8705
1.4700,-173.9626
1.4800,-174.0548
1.4900,-174.1471
1.5000,-174.2395
1.5100,-174.3321
1.5200,-174.4248
1.5300,-174.5176
1.5400,-174.6105
1.5500,-174.7036
1.5600,-174.7968
1.5700,-174.8902
1.5800,-174.9836
1.5900,-175.0772
1.6000,-175.1710
1.6100,-175.2648
1.6200,-175.3588
1.6300,-175.4529
1.6400,-175.5471
1.6500,-175.6414
1.6600,-175.7359
1.6700,-175.8305
1.6800,-175.9252
1.6900,-176.0201
1.7000,-176.1151
1.7100,-176.2102
1.7200,-176.3054
1.7300,-176.4007
1.7400,-176.4962
1.7500,-176.5918
1.7600,-176.6875
1.7700,-176.7833
1.7800,-176.8793
1.7900,-176.9754
1.8000,-177.0716
1.8100,-177.1679
1.8200,-177.2644
1.8300,-177.3609
1.8400,-177.4576
1.8500,-177.5544
1.8600,-177.6513
1.8700,-177.7484
1.8800,-177.8455
1.8900,-177.9428
1.9000,-178.0402
1.9100,-178.1377
1.9200,-178.2354
1.9300,-178.3331
1.9400,-178.4310
1.9500,-178.5290
1.9600,-178.6271
1.9700,-178.7253
1.9800,-178.8236
1.9900,-178.9221
2.0000,-179.0206
2.0100,-179.1193
2.0200,-179.2181
2.0300,-179.3170
2.0400,-179.4160
2.0500,-179.5152
2.0600,-179.6144
2.0700,-179.7137
2.0800,-179.8132
2.0900,-179.9128
2.1000,179.9875
2.1100,179.8877
2.1200,179.7878
2.1300,179.6878
2.1400,179.5877
2.1500,179.4875
2.1600,179.3871
2.1700,179.2867
2.1800,179.1861
2.1900,179.0855
2.2000,178.9847
2.2100,178.8838
2.2200,178.7828
2.2300,178.6818
2.2400,178.5806
2.2500,178.4793
2.2600,178.3779
2.2700,178.2764
2.2800,178.1748
2.2900,178.0731
2.3000,177.9713
2.3100,177.8694
2.3200,177.7674
2.3300,177.6653
2.3400,177.5631
2.3500,177.4608
2.3600,177.3584
2.3700,177.2559
2.3800,177.1533
2.3900,177.0506
2.4000,176.9478
2.4100,176.8449
2.4200,176.7419
2.4300,176.6389
2.4400,176.5357
2.4500,176.4324
2.4600,176.3291
2.4700,176.2256
2.4800,176.1221
2.4900,176.0185
2.5000,175.9147
2.5100,175.8109
2.5200,175.7070
2.5300,175.6030
2.5400,175.4989
2.5500,175.3948
2.5600,175.2905
2.5700,175.1862
2.5800,175.0817
2.5900,174.9772
2.6000,174.8726
2.6100,174.7679
2.6200,174.6632
2.6300,174.5583
2.6400,174.4534
2.6500,174.3484
2.6600,174.2433
2.6700,174.1381
2.6800,174.0328
2.6900,173.9275
2.7000,173.8221
2.7100,173.7166
2.7200,173.6110
2.7300,173.5053
2.7400,173.3996
2.7500,173.2938
2.7600,173.1879
2.7700,173.0820
2.7800,172.9759
2.7900,172.8698
2.8000,172.7637
2.8100,172.6574
2.8200,172.5511
2.8300,172.4447
2.8400,172.3382
2.8500,172.2317
2.8600,172.1251
2.8700,172.0184
2.8800,171.9117
2.8900,171.8049
2.9000,171.6980
2.9100,171.5911
2.9200,171.4841
2.9300,171.3771
2.9400,171.2699
2.9500,171.1627
2.9600,171.0555
2.9700,170.9482
2.9800,170.8408
2.9900,170.7334
3.0000,170.7334
3.0100,170.8111
3.0200,170.8887
3.0300,170.9662
3.0400,171.0436
3.0500,171.1209
3.0600,171.1981
3.0700,171.2752
3.0800,171.3522
3.0900,171.4291
3.1000,171.5059
3.1100,171.5826
3.1200,171.6592
3.1300,171.7356
3.1400,171.8120
3.1500,171.8883
3.1600,171.9645
3.1700,172.0405
3.1800,172.1165
3.1900,172.1923
3.2000,172.2681
3.2100,172.3437
3.2200,172.4193
3.2300,172.4947
3.2400,172.5701
3.2500,172.6453
3.2600,172.7204
3.2700,172.7955
3.2800,172.8704
3.2900,172.9452
3.3000,173.0199
3.3100,173.0945
3.3200,173.1690
3.3300,173.2434
3.3400,173.3177
3.3500,173.3919
3.3600,173.4660
3.3700,173.5400
3.3800,173.6139
3.3900,173.6876
3.4000,173.7613
3.4100,173.8349
3.4200,173.9083
3.4300,173.9817
3.4400,174.0549
3.4500,174.1281
3.4600,174.2011
3.4700,174.2741
3.4800,174.3469
3.4900,174.4196
3.5000,174.4923
3.5100,174.5648
3.5200,174.6372
3.5300,174.7095
3.5400,174.7817
3.5500,174.8538
3.5600,174.9258
3.5700,174.9977
3.5800,175.0695
3.5900,175.1412
3.6000,175.2127
3.6100,175.2842
3.6200,175.3556
3.6300,175.4268
3.6400,175.4980
3.6500,175.5691
3.6600,175.6400
3.6700,175.7108
3.6800,175.7816
3.6900,175.8522
3.7000,175.9228
3.7100,175.9932
3.7200,176.0635
3.7300,176.1337
3.7400,176.2038
3.7500,176.2738
3.7600,176.3438
3.7700,176.4136
3.7800,176.4832
3.7900,176.5528
3.8000,176.6223
3.8100,176.6917
3.8200,176.7610
3.8300,176.8302
3.8400,176.8992
3.8500,176.9682
3.8600,177.0371
3.8700,177.1058
3.8800,177.1745
3.8900,177.2430
3.9000,177.3115
3.9100,177.3798
3.9200,177.4481
3.9300,177.5162
3.9400,177.5842
3.9500,177.6522
3.9600,177.7200
3.9700,177.7877
3.9800,177.8553
3.9900,177.9228
4.0000,177.9902
4.0100,178.0575
4.0200,178.1247
4.0300,178.1918
4.0400,178.2588
4.0500,178.3257
4.0600,178.3925
4.0700,178.4592
4.0800,178.5258
4.0900,178.5923
4.1000,178.6587
4.1100,178.7249
4.1200,178.7911
4.1300,178.8572
4.1400,178.9231
4.1500,178.9890
4.1600,179.0548
4.1700,179.1204
4.1800,179.1860
4.1900,179.2514
4.2000,179.3168
4.2100,179.3820
4.2200,179.4472
4.2300,179.5122
4.2400,179.5772
4.2500,179.6420
4.2600,179.7068
4.2700,179.7714
4.2800,179.8359
4.2900,179.9004
4.3000,179.9647
4.3100,-179.9711
4.3200,-179.9069
4.3300,-179.8429
4.3400,-179.7790
4.3500,-179.7151
4.3600,-179.6514
4.3700,-179.5878
4.3800,-179.5243
4.3900,-179.4608
4.4000,-179.3975
4.4100,-179.3343
4.4200,-179.2712
4.4300,-179.2082
4.4400,-179.1452
4.4500,-179.0824
4.4600,-179.0197
4.4700,-178.9571
4.4800,-178.8946
4.4900,-178.8321
4.5000,-178.7698
4.5100,-178.7076
4.5200,-178.6455
4.5300,-178.5834
4.5400,-178.5215
4.5500,-178.4597
4.5600,-178.3980
4.5700,-178.3364
4.5800,-178.2748
4.5900,-178.2134
4.6000,-178.1521
4.6100,-178.0908
4.6200,-178.0297
4.6300,-177.9687
4.6400,-177.9078
4.6500,-177.8469
4.6600,-177.7862
4.6700,-177.7255
4.6800,-177.6650
4.6900,-177.6046
4.7000,-177.5442
4.7100,-177.4840
4.7200,-177.4238
4.7300,-177.3638
4.7400,-177.3038
4.7500,-177.2440
4.7600,-177.1842
4.7700,-177.1245
4.7800,-177.0650
4.7900,-177.0055
4.8000,-176.9461
4.8100,-176.8869
4.8200,-176.8277
4.8300,-176.7686
4.8400,-176.7096
4.8500,-176.6507
4.8600,-176.5919
4.8700,-176.5332
4.8800,-176.4746
4.8900,-176.4161
4.9000,-176.3577
4.9100,-176.2994
4.9200,-176.2412
4.9300,-176.1831
4.9400,-176.1250
4.9500,-176.0671
4.9600,-176.0093
4.9700,-175.9515
4.9800,-175.8939
4.9900,-175.8363
5.0000,-175.7789
5.0100,-175.7215
5.0200,-175.6642
5.0300,-175.6071
5.0400,-175.5500
5.0500,-175.4930
5.0600,-175.4361
5.0700,-175.3793
5.0800,-175.3226
5.0900,-175.2660
5.1000,-175.2094
5.1100,-175.1530
5.1200,-175.0967
5.1300,-175.0404
5.1400,-174.9843
5.1500,-174.9282
5.1600,-174.8723
5.1700,-174.8164
5.1800,-174.7606
5.1900,-174.7050
5.2000,-174.6494
5.2100,-174.5939
5.2200,-174.5384
5.2300,-174.4831
5.2400,-174.4279
5.2500,-174.3728
5.2600,-174.3177
5.2700,-174.2628
5.2800,-174.2079
5.2900,-174.1531
5.3000,-174.0985
5.3100,-174.0439
5.3200,-173.9894
5.3300,-173.9350
5.3400,-173.8807
5.3500,-173.8264
5.3600,-173.7723
5.3700,-173.7182
5.3800,-173.6643
5.3900,-173.6104
5.4000,-173.5566
5.4100,-173.5030
5.4200,-173.4494
5.4300,-173.3959
5.4400,-173.3424
5.4500,-173.2891
5.4600,-173.2359
5.4700,-173.1827
5.4800,-173.1296
5.4900,-173.0767
5.5000,-173.0238
5.5100,-172.9710
5.5200,-172.9183
5.5300,-172.8656
5.5400,-172.8131
5.5500,-172.7607
5.5600,-172.7083
5.5700,-172.6560
5.5800,-172.6038
5.5900,-172.5517
5.6000,-172.4997
5.6100,-172.4478
5.6200,-172.3960
5.6300,-172.3442
5.6400,-172.2925
5.6500,-172.2410
5.6600,-172.1895
5.6700,-172.1381
5.6800,-172.0867
5.6900,-172.0355
5.7000,-171.9844
5.7100,-171.9333
5.7200,-171.8823
5.7300,-171.8314
5.7400,-171.7806
5.7500,-171.7299
5.7600,-171.6793
5.7700,-171.6287
5.7800,-171.5782
5.7900,-171.5278
5.8000,-171.4775
5.8100,-171.4273
5.8200,-171.3772
5.8300,-171.3271
5.8400,-171.2772
5.8500,-171.2273
5.8600,-171.1775
5.8700,-171.1278
5.8800,-171.0782
5.8900,-171.0286
5.9000,-170.9791
5.9100,-170.9298
5.9200,-170.8805
5.9300,-170.8313
5.9400,-170.7821
5.9500,-170.7331
5.9600,-170.6841
5.9700,-170.6352
5.9800,-170.5864
5.9900,-170.5377
6.0000,-170.5377
6.0100,-170.4807
6.0200,-170.4235
6.0300,-170.3663
6.0400,-170.3089
6.0500,-170.2515
6.0600,-170.1939
6.0700,-170.1362
6.0800,-170.0784
6.0900,-170.0205
6.1000,-169.9625
6.1100,-169.9044
6.1200,-169.8462
6.1300,-169.7879
6.1400,-169.7294
6.1500,-169.6709
6.1600,-169.6122
6.1700,-169.5534
6.1800,-169.4945
6.1900,-169.4355
6.2000,-169.3764
6.2100,-169.3172
6.2200,-169.2578
6.2300,-169.1984
6.2400,-169.1388
6.2500,-169.0791
6.2600,-169.0193
6.2700,-168.9594
6.2800,-168.8994
6.2900,-168.8393
6.3000,-168.7791
6.3100,-168.7187
6.3200,-168.6582
6.3300,-168.5976
6.3400,-168.5369
6.3500,-168.4761
6.3600,-168.4152
6.3700,-168.3541
6.3800,-168.2930
6.3900,-168.2317
6.4000,-168.1703
6.4100,-168.1088
6.4200,-168.0472
6.4300,-167.9854
6.4400,-167.9236
6.4500,-167.8616
6.4600,-167.7995
6.4700,-167.7373
6.4800,-167.6750
6.4900,-167.6126
6.5000,-167.5500
6.5100,-167.4873
6.5200,-167.4245
6.5300,-167.3616
6.5400,-167.2986
6.5500,-167.2354
6.5600,-167.1722
6.5700,-167.1088
6.5800,-167.0453
6.5900,-166.9817
6.6000,-166.9179
6.6100,-166.8541
6.6200,-166.7901
6.6300,-166.7260
6.6400,-166.6618
6.6500,-166.5974
6.6600,-166.5330
6.6700,-166.4684
6.6800,-166.4037
6.6900,-166.3388
6.7000,-166.2739
6.7100,-166.2088
6.7200,-166.1436
6.7300,-166.0783
6.7400,-166.0129
6.7500,-165.9474
6.7600,-165.8817
6.7700,-165.8159
6.7800,-165.7500
6.7900,-165.6839
6.8000,-165.6178
6.8100,-165.5515
6.8200,-165.4851
6.8300,-165.4185
6.8400,-165.3519
6.8500,-165.2851
6.8600,-165.2182
6.8700,-165.1512
6.8800,-165.0840
6.8900,-165.0167
6.9000,-164.9493
6.9100,-164.8818
6.9200,-164.8142
6.9300,-164.7464
6.9400,-164.6785
6.9500,-164.6105
6.9600,-164.5423
6.9700,-164.4740
6.9800,-164.4056
6.9900,-164.3371
7.0000,-164.2685
7.0100,-164.1997
7.0200,-164.1308
7.0300,-164.0618
7.0400,-163.9926
7.0500,-163.9233
7.0600,-163.8539
7.0700,-163.7844
7.0800,-163.7147
7.0900,-163.6449
7.1000,-163.5750
7.1100,-163.5049
7.1200,-163.4348
7.1300,-163.3645
7.1400,-163.2940
7.1500,-163.2235
7.1600,-163.1528
7.1700,-163.0820
7.1800,-163.0110
7.1900,-162.9400
7.2000,-162.8688
7.2100,-162.7974
7.2200,-162.7260
7.2300,-162.6544
7.2400,-162.5827
7.2500,-162.5108
7.2600,-162.4389
7.2700,-162.3668
7.2800,-162.2945
7.2900,-162.2222
7.3000,-162.1497
7.3100,-162.0771
7.3200,-162.0043
7.3300,-161.9314
7.3400,-161.8584
7.3500,-161.7853
7.3600,-161.7120
7.3700,-161.6386
7.3800,-161.5651
7.3900,-161.4914
7.4000,-161.4176
7.4100,-161.3437
7.4200,-161.2696
7.4300,-161.1954
7.4400,-161.1211
7.4500,-161.0466
7.4600,-160.9720
7.4700,-160.8973
7.4800,-160.8225
7.4900,-160.7475
7.5000,-160.6724
7.5100,-160.5971
7.5200,-160.5218
7.5300,-160.4462
7.5400,-160.3706
7.5500,-160.2948
7.5600,-160.2189
7.5700,-160.1429
7.5800,-160.0667
7.5900,-159.9904
7.6000,-159.9140
7.6100,-159.8374
7.6200,-159.7607
7.6300,-159.6839
7.6400,-159.6069
7.6500,-159.5298
7.6600,-159.4525
7.6700,-159.3752
7.6800,-159.2977
7.6900,-159.2200
7.7000,-159.1423
7.7100,-159.0644
7.7200,-158.9863
7.7300,-158.9082
7.7400,-158.8298
7.7500,-158.7514
7.7600,-158.6728
7.7700,-158.5941
7.7800,-158.5153
7.7900,-158.4363
7.8000,-158.3572
7.8100,-158.2780
7.8200,-158.1986
7.8300,-158.1191
7.8400,-158.0394
7.8500,-157.9597
7.8600,-157.8797
7.8700,-157.7997
7.8800,-157.7195
7.8900,-157.6392
7.9000,-157.5588
7.9100,-157.4782
7.9200,-157.3974
7.9300,-157.3166
7.9400,-157.2356
7.9500,-157.1545
7.9600,-157.0732
7.9700,-156.9918
7.9800,-156.9103
7.9900,-156.8287
8.0000,-156.7469
8.0100,-156.6649
8.0200,-156.5829
8.0300,-156.5007
8.0400,-156.4183
8.0500,-156.3359
8.0600,-156.2533
8.0700,-156.1706
8.0800,-156.0877
8.0900,-156.0047
8.1000,-155.9215
8.1100,-155.8383
8.1200,-155.7549
8.1300,-155.6713
8.1400,-155.5877
8.1500,-155.5038
8.1600,-155.4199
8.1700,-155.3358
8.1800,-155.2516
8.1900,-155.1673
8.2000,-155.0828
8.2100,-154.9982
8.2200,-154.9134
8.2300,-154.8286
8.2400,-154.7436
8.2500,-154.6584
8.2600,-154.5731
8.2700,-154.4877
8.2800,-154.4022
8.2900,-154.3165
8.3000,-154.2307
8.3100,-154.1447
8.3200,-154.0586
8.3300,-153.9724
8.3400,-153.8861
8.3500,-153.7996
8.3600,-153.7130
8.3700,-153.6263
8.3800,-153.5394
8.3900,-153.4524
8.4000,-153.3652
8.4100,-153.2780
8.4200,-153.1905
8.4300,-153.1030
8.4400,-153.0153
8.4500,-152.9275
8.4600,-152.8396
8.4700,-152.7515
8.4800,-152.6633
8.4900,-152.5750
8.5000,-152.4865
8.5100,-152.3980
8.5200,-152.3092
8.5300,-152.2204
8.5400,-152.1314
8.5500,-152.0423
8.5600,-151.9530
8.5700,-151.8637
8.5800,-151.7742
8.5900,-151.6845
8.6000,-151.5948
8.6100,-151.5049
8.6200,-151.4148
8.6300,-151.3247
8.6400,-151.2344
8.6500,-151.1440
8.6600,-151.0534
8.6700,-150.9628
8.6800,-150.8720
8.6900,-150.7810
8.7000,-150.6900
8.7100,-150.5988
8.7200,-150.5075
8.7300,-150.4161
8.7400,-150.3245
8.7500,-150.2328
8.7600,-150.1410
8.7700,-150.0490
8.7800,-149.9570
8.7900,-149.8648
8.8000,-149.7724
8.8100,-149.6800
8.8200,-149.5874
8.8300,-149.4947
8.8400,-149.4019
8.8500,-149.3089
8.8600,-149.2159
8.8700,-149.1227
8.8800,-149.0293
8.8900,-148.9359
8.9000,-148.8423
8.9100,-148.7486
8.9200,-148.6548
8.9300,-148.5608
8.9400,-148.4668
8.9500,-148.3726
8.9600,-148.2783
8.9700,-148.1838
8.9800,-148.0893
8.9900,-147.9946
9.0000,-147.9946
9.0100,-148.0893
9.0200,-148.1838
9.0300,-148.2783
9.0400,-148.3726
9.0500,-148.4668
9.0600,-148.5608
9.0700,-148.6548
9.0800,-148.7486
9.0900,-148.8423
9.1000,-148.9359
9.1100,-149.0293
9.1200,-149.1227
9.1300,-149.2159
9.1400,-149.3089
9.1500,-149.4019
9.1600,-149.4947
9.1700,-149.5874
9.1800,-149.6800
9.1900,-149.7724
9.2000,-149.8648
9.2100,-149.9570
9.2200,-150.0490
9.2300,-150.1410
9.2400,-150.2328
9.2500,-150.3245
9.2600,-150.4161
9.2700,-150.5075
9.2800,-150.5988
9.2900,-150.6900
9.3000,-150.7810
9.3100,-150.8720
9.3200,-150.9628
9.3300,-151.0534
9.3400,-151.1440
9.3500,-151.2344
9.3600,-151.3247
9.3700,-151.4148
9.3800,-151.5049
9.3900,-151.5948
9.4000,-151.6845
9.4100,-151.7742
9.4200,-151.8637
9.4300,-151.9530
9.4400,-152.0423
9.4500,-152.1314
9.4600,-152.2204
9.4700,-152.3092
9.4800,-152.3980
9.4900,-152.4865
9.5000,-152.5750
9.5100,-152.6633
9.5200,-152.7515
9.5300,-152.8396
9.5400,-152.9275
9.5500,-153.0153
9.5600,-153.1030
9.5700,-153.1905
9.5800,-153.2780
9.5900,-153.3652
9.6000,-153.4524
9.6100,-153.5394
9.6200,-153.6263
9.6300,-153.7130
9.6400,-153.7996
9.6500,-153.8861
9.6600,-153.9724
9.6700,-154.0586
9.6800,-154.1447
9.6900,-154.2307
9.7000,-154.3165
9.7100,-154.4022
9.7200,-154.4877
9.7300,-154.5731
9.7400,-154.6584
9.7500,-154.7436
9.7600,-154.8286
9.7700,-154.9134
9.7800,-154.9982
9.7900,-155.0828
9.8000,-155.1673
9.8100,-155.2516
9.8200,-155.3358
9.8300,-155.4199
9.8400,-155.5038
9.8500,-155.5877
9.8600,-155.6713
9.8700,-155.7549
9.8800,-155.8383
9.8900,-155.9215
9.9000,-156.0047
9.9100,-156.0877
9.9200,-156.1706
9.9300,-156.2533
9.9400,-156.3359
9.9500,-156.4183
9.9600,-156.5007
9.9700,-156.5829
9.9800,-156.6649
9.9900,-156.7469
10.0000,-156.8287
10.0100,-156.9103
10.0200,-156.9918
10.0300,-157.0732
10.0400,-157.1545
10.0500,-157.2356
10.0600,-157.3166
10.0700,-157.3974
10.0800,-157.4782
10.0900,-157.5588
10.1000,-157.6392
10.1100,-157.7195
10.1200,-157.7997
10.1300,-157.8797
10.1400,-157.9597
10.1500,-158.0394
10.1600,-158.1191
10.1700,-158.1986
10.1800,-158.2780
10.1900,-158.3572
10.2000,-158.4363
10.2100,-158.5153
10.2200,-158.5941
10.2300,-158.6728
10.2400,-158.7514
10.2500,-158.8298
10.2600,-158.9082
10.2700,-158.9863
10.2800,-159.0644
10.2900,-159.1423
10.3000,-159.2200
10.3100,-159.2977
10.3200,-159.3752
10.3300,-159.4525
10.3400,-159.5298
10.3500,-159.6069
10.3600,-159.6839
10.3700,-159.7607
10.3800,-159.8374
10.3900,-159.9140
10.4000,-159.9904
10.4100,-160.0667
10.4200,-160.1429
10.4300,-160.2189
10.4400,-160.2948
10.4500,-160.3706
10.4600,-160.4462
10.4700,-160.5218
10.4800,-160.5971
10.4900,-160.6724
10.5000,-160.7475
10.5100,-160.8225
10.5200,-160.8973
10.5300,-160.9720
10.5400,-161.0466
10.5500,-161.1211
10.5600,-161.1954
10.5700,-161.2696
10.5800,-161.3437
10.5900,-161.4176
10.6000,-161.4914
10.6100,-161.5651
10.6200,-161.6386
10.6300,-161.7120
10.6400,-161.7853
10.6500,-161.8584
10.6600,-161.9314
10.6700,-162.0043
10.6800,-162.0771
10.6900,-162.1497
10.7000,-162.2222
10.7100,-162.2945
10.7200,-162.3668
10.7300,-162.4389
10.7400,-162.5108
10.7500,-162.5827
10.7600,-162.6544
10.7700,-162.7260
10.7800,-162.7974
10.7900,-162.8688
10.8000,-162.9400
10.8100,-163.0110
10.8200,-163.0820
10.8300,-163.1528
10.8400,-163.2235
10.8500,-163.2940
10.8600,-163.3645
10.8700,-163.4348
10.8800,-163.5049
10.8900,-163.5750
10.9000,-163.6449
10.9100,-163.7147
10.9200,-163.7844
10.9300,-163.8539
10.9400,-163.9233
10.9500,-163.9926
10.9600,-164.0618
10.9700,-164.1308
10.9800,-164.1997
10.9900,-164.2685
11.0000,-164.3371
11.0100,-164.4056
11.0200,-164.4740
11.0300,-164.5423
11.0400,-164.6105
11.0500,-164.6785
11.0600,-164.7464
11.0700,-164.8142
11.0800,-164.8818
11.0900,-164.9493
11.1000,-165.0167
11.1100,-165.0840
11.1200,-165.1512
11.1300,-165.2182
11.1400,-165.2851
11.1500,-165.3519
11.1600,-165.4185
11.1700,-165.4851
11.1800,-165.5515
11.1900,-165.6178
11.2000,-165.6839
11.2100,-165.7500
11.2200,-165.8159
11.2300,-165.8817
11.2400,-165.9474
11.2500,-166.0129
11.2600,-166.0783
11.2700,-166.1436
11.2800,-166.2088
11.2900,-166.2739
11.3000,-166.3388
11.3100,-166.4037
11.3200,-166.4684
11.3300,-166.5330
11.3400,-166.5974
11.3500,-166.6618
11.3600,-166.7260
11.3700,-166.7901
11.3800,-166.8541
11.3900,-166.9179
11.4000,-166.9817
11.4100,-167.0453
11.4200,-167.1088
11.4300,-167.1722
11.4400,-167.2354
11.4500,-167.2986
11.4600,-167.3616
11.4700,-167.4245
11.4800,-167.4873
11.4900,-167.5500
11.5000,-167.6126
11.5100,-167.6750
11.5200,-167.7373
11.5300,-167.7995
11.5400,-167.8616
11.5500,-167.9236
11.5600,-167.9854
11.5700,-168.0472
11.5800,-168.1088
11.5900,-168.1703
11.6000,-168.2317
11.6100,-168.2930
11.6200,-168.3541
11.6300,-168.4152
11.6400,-168.4761
11.6500,-168.5369
11.6600,-168.5976
11.6700,-168.6582
11.6800,-168.7187
11.6900,-168.7791
11.7000,-168.8393
11.7100,-168.8994
11.7200,-168.9594
11.7300,-169.0193
11.7400,-169.0791
11.7500,-169.1388
11.7600,-169.1984
11.7700,-169.2578
11.7800,-169.3172
11.7900,-169.3764
11.8000,-169.4355
11.8100,-169.4945
11.8200,-169.5534
11.8300,-169.6122
11.8400,-169.6709
11.8500,-169.7294
11.8600,-169.7879
11.8700,-169.8462
11.8800,-169.9044
11.8900,-169.9625
11.9000,-170.0205
11.9100,-170.0784
11.9200,-170.1362
11.9300,-170.1939
11.9400,-170.2515
11.9500,-170.3089
11.9600,-170.3663
11.9700,-170.4235
11.9800,-170.4807
11.9900,-170.5377
12.0000,-170.5377
12.0100,-170.5864
12.0200,-170.6352
12.0300,-170.6841
12.0400,-170.7331
12.0500,-170.7821
12.0600,-170.8313
12.0700,-170.8805
12.0800,-170.9298
12.0900,-170.9791
12.1000,-171.0286
12.1100,-171.0782
12.1200,-171.1278
12.1300,-171.1775
12.1400,-171.2273
12.1500,-171.2772
12.1600,-171.3271
12.1700,-171.3772
12.1800,-171.4273
12.1900,-171.4775
12.2000,-171.5278
12.2100,-171.5782
12.2200,-171.6287
12.2300,-171.6793
12.2400,-171.7299
12.2500,-171.7806
12.2600,-171.8314
12.2700,-171.8823
12.2800,-171.9333
12.2900,-171.9844
12.3000,-172.0355
12.3100,-172.0867
12.3200,-172.1381
12.3300,-172.1895
12.3400,-172.2410
12.3500,-172.2925
12.3600,-172.3442
12.3700,-172.3960
12.3800,-172.4478
12.3900,-172.4997
12.4000,-172.5517
12.4100,-172.6038
12.4200,-172.6560
12.4300,-172.7083
12.4400,-172.7607
12.4500,-172.8131
12.4600,-172.8656
12.4700,-172.9183
12.4800,-172.9710
12.4900,-173.0238
12.5000,-173.0767
12.5100,-173.1296
12.5200,-173.1827
12.5300,-173.2359
12.5400,-173.2891
12.5500,-173.3424
12.5600,-173.3959
12.5700,-173.4494
12.5800,-173.5030
12.5900,-173.5566
12.6000,-173.6104
12.6100,-173.6643
12.6200,-173.7182
12.6300,-173.7723
12.6400,-173.8264
12.6500,-173.8807
12.6600,-173.9350
12.6700,-173.9894
12.6800,-174.0439
12.6900,-174.0985
12.7000,-174.1531
12.7100,-174.2079
12.7200,-174.2628
12.7300,-174.3177
12.7400,-174.3728
12.7500,-174.4279
12.7600,-174.4831
12.7700,-174.5384
12.7800,-174.5939
12.7900,-174.6494
12.8000,-174.7050
12.8100,-174.7606
12.8200,-174.8164
12.8300,-174.8723
12.8400,-174.9282
12.8500,-174.9843
12.8600,-175.0404
12.8700,-175.0967
12.8800,-175.1530
12.8900,-175.2094
12.9000,-175.2660
12.9100,-175.3226
12.9200,-175.3793
12.9300,-175.4361
12.9400,-175.4930
12.9500,-175.5500
12.9600,-175.6071
12.9700,-175.6642
12.9800,-175.7215
12.9900,-175.7789
13.0000,-175.8363
13.0100,-175.8939
13.0200,-175.9515
13.0300,-176.0093
13.0400,-176.0671
13.0500,-176.1250
13.0600,-176.1831
13.0700,-176.2412
13.0800,-176.2994
13.0900,-176.3577
13.1000,-176.4161
13.1100,-176.4746
13.1200,-176.5332
13.1300,-176.5919
13.1400,-176.6507
13.1500,-176.7096
13.1600,-176.7686
13.1700,-176.8277
13.1800,-176.8869
13.1900,-176.9461
13.2000,-177.0055
13.2100,-177.0650
13.2200,-177.1245
13.2300,-177.1842
13.2400,-177.2440
13.2500,-177.3038
13.2600,-177.3638
13.2700,-177.4238
13.2800,-177.4840
13.2900,-177.5442
13.3000,-177.6046
13.3100,-177.6650
13.3200,-177.7255
13.3300,-177.7862
13.3400,-177.8469
13.3500,-177.9078
13.3600,-177.9687
13.3700,-178.0297
13.3800,-178.0908
13.3900,-178.1521
13.4000,-178.2134
13.4100,-178.2748
13.4200,-178.3364
13.4300,-178.3980
13.4400,-178.4597
13.4500,-178.5215
13.4600,-178.5834
13.4700,-178.6455
13.4800,-178.7076
13.4900,-178.7698
13.5000,-178.8321
13.5100,-178.8946
13.5200,-178.9571
13.5300,-179.0197
13.5400,-179.0824
13.5500,-179.1452
13.5600,-179.2082
13.5700,-179.2712
13.5800,-179.3343
13.5900,-179.3975
13.6000,-179.4608
13.6100,-179.5243
13.6200,-179.5878
13.6300,-179.6514
13.6400,-179.7151
13.6500,-179.7790
13.6600,-179.8429
13.6700,-179.9069
13.6800,-179.9711
13.6900,179.9647
13.7000,179.9004
13.7100,179.8359
13.7200,179.7714
13.7300,179.7068
13.7400,179.6420
13.7500,179.5772
13.7600,179.5122
13.7700,179.4472
13.7800,179.3820
13.7900,179.3168
13.8000,179.2514
13.8100,179.1860
13.8200,179.1204
13.8300,179.0548
13.8400,178.9890
13.8500,178.9231
13.8600,178.8572
13.8700,178.7911
13.8800,178.7249
13.8900,178.6587
13.9000,178.5923
13.9100,178.5258
13.9200,178.4592
13.9300,178.3925
13.9400,178.3257
13.9500,178.2588
13.9600,178.1918
13.9700,178.1247
13.9800,178.0575
13.9900,177.9902
14.0000,177.9228
14.0100,177.8553
14.0200,177.7877
14.0300,177.7200
14.0400,177.6522
14.0500,177.5842
14.0600,177.5162
14.0700,177.4481
14.0800,177.3798
14.0900,177.3115
14.1000,177.2430
14.1100,177.1745
14.1200,177.1058
14.1300,177.0371
14.1400,176.9682
14.1500,176.8992
14.1600,176.8302
14.1700,176.7610
14.1800,176.6917
14.1900,176.6223
14.2000,176.5528
14.2100,176.4832
14.2200,176.4136
14.2300,176.3438
14.2400,176.2738
14.2500,176.2038
14.2600,176.1337
14.2700,176.0635
14.2800,175.9932
14.2900,175.9228
14.3000,175.8522
14.3100,175.7816
14.3200,175.7108
14.3300,175.6400
14.3400,175.5691
14.3500,175.4980
14.3600,175.4268
14.3700,175.3556
14.3800,175.2842
14.3900,175.2127
14.4000,175.1412
14.4100,175.0695
14.4200,174.9977
14.4300,174.9258
14.4400,174.8538
14.4500,174.7817
14.4600,174.7095
14.4700,174.6372
14.4800,174.5648
14.4900,174.4923
14.5000,174.4196
14.5100,174.3469
14.5200,174.2741
14.5300,174.2011
14.5400,174.1281
14.5500,174.0549
14.5600,173.9817
14.5700,173.9083
14.5800,173.8349
14.5900,173.7613
14.6000,173.6876
14.6100,173.6139
14.6200,173.5400
14.6300,173.4660
14.6400,173.3919
14.6500,173.3177
14.6600,173.2434
14.6700,173.1690
14.6800,173.0945
14.6900,173.0199
14.7000,172.9452
14.7100,172.8704
14.7200,172.7955
14.7300,172.7204
14.7400,172.6453
14.7500,172.5701
14.7600,172.4947
14.7700,172.4193
14.7800,172.3437
14.7900,172.2681
14.8000,172.1923
14.8100,172.1165
14.8200,172.0405
14.8300,171.9645
14.8400,171.8883
14.8500,171.8120
14.8600,171.7356
14.8700,171.6592
14.8800,171.5826
14.8900,171.5059
14.9000,171.4291
14.9100,171.3522
14.9200,171.2752
14.9300,171.1981
14.9400,171.1209
14.9500,171.0436
14.9600,170.9662
14.9700,170.8887
14.9800,170.8111
14.9900,170.7334
15.0000,170.7334
15.0100,170.8111
15.0200,170.8887
15.0300,170.9662
15.0400,171.0436
15.0500,171.1209
15.0600,171.1981
15.0700,171.2752
15.0800,171.3522
15.0900,171.4291
15.1000,171.5059
15.1100,171.5826
15.1200,171.6592
15.1300,171.7356
15.1400,171.8120
15.1500,171.8883
15.1600,171.9645
15.1700,172.0405
15.1800,172.1165
15.1900,172.1923
15.2000,172.2681
15.2100,172.3437
15.2200,172.4193
15.2300,172.4947
15.2400,172.5701
15.2500,172.6453
15.2600,172.7204
15.2700,172.7955
15.2800,172.8704
15.2900,172.9452
15.3000,173.0199
15.3100,173.0945
15.3200,173.1690
15.3300,173.2434
15.3400,173.3177
15.3500,173.3919
15.3600,173.4660
15.3700,173.5400
15.3800,173.6139
15.3900,173.6876
15.4000,173.7613
15.4100,173.8349
15.4200,173.9083
15.4300,173.9817
15.4400,174.0549
15.4500,174.1281
15.4600,174.2011
15.4700,174.2741
15.4800,174.3469
15.4900,174.4196
15.5000,174.4923
15.5100,174.5648
15.5200,174.6372
15.5300,174.7095
15.5400,174.7817
15.5500,174.8538
15.5600,174.9258
15.5700,174.9977
15.5800,175.0695
15.5900,175.1412
15.6000,175.2127
15.6100,175.2842
15.6200,175.3556
15.6300,175.4268
15.6400,175.4980
15.6500,175.5691
15.6600,175.6400
15.6700,175.7108
15.6800,175.7816
15.6900,175.8522
15.7000,175.9228
15.7100,175.9932
15.7200,176.0635
15.7300,176.1337
15.7400,176.2038
15.7500,176.2738
15.7600,176.3438
15.7700,176.4136
15.7800,176.4832
15.7900,176.5528
15.8000,176.6223
15.8100,176.6917
15.8200,176.7610
15.8300,176.8302
15.8400,176.8992
15.8500,176.9682
15.8600,177.0371
15.8700,177.1058
15.8800,177.1745
15.8900,177.2430
15.9000,177.3115
15.9100,177.3798
15.9200,177.4481
15.9300,177.5162
15.9400,177.5842
15.9500,177.6522
15.9600,177.7200
15.9700,177.7877
15.9800,177.8553
15.9900,177.9228
16.0000,177.9902
16.0100,178.0575
16.0200,178.1247
16.0300,178.1918
16.0400,178.2588
16.0500,178.3257
16.0600,178.3925
16.0700,178.4592
16.0800,178.5258
16.0900,178.5923
16.1000,178.6587
16.1100,178.7249
16.1200,178.7911
16.1300,178.8572
16.1400,178.9231
16.1500,178.9890
16.1600,179.0548
16.1700,179.1204
16.1800,179.1860
16.1900,179.2514
16.2000,179.3168
16.2100,179.3820
16.2200,179.4472
16.2300,179.5122
16.2400,179.5772
16.2500,179.6420
16.2600,179.7068
16.2700,179.7714
16.2800,179.8359
16.2900,179.9004
16.3000,179.9647
16.3100,-179.9711
16.3200,-179.9069
16.3300,-179.8429
16.3400,-179.7790
16.3500,-179.7151
16.3600,-179.6514
16.3700,-179.5878
16.3800,-179.5243
16.3900,-179.4608
16.4000,-179.3975
16.4100,-179.3343
16.4200,-179.2712
16.4300,-179.2082
16.4400,-179.1452
16.4500,-179.0824
16.4600,-179.0197
16.4700,-178.9571
16.4800,-178.8946
16.4900,-178.8321
16.5000,-178.7698
16.5100,-178.7076
16.5200,-178.6455
16.5300,-178.5834
16.5400,-178.5215
16.5500,-178.4597
16.5600,-178.3980
16.5700,-178.3364
16.5800,-178.2748
16.5900,-178.2134
16.6000,-178.1521
16.6100,-178.0908
16.6200,-178.0297
16.6300,-177.9687
16.6400,-177.9078
16.6500,-177.8469
16.6600,-177.7862
16.6700,-177.7255
16.6800,-177.6650
16.6900,-177.6046
16.7000,-177.5442
16.7100,-177.4840
16.7200,-177.4238
16.7300,-177.3638
16.7400,-177.3038
16.7500,-177.2440
16.7600,-177.1842
16.7700,-177.1245
16.7800,-177.0650
16.7900,-177.0055
16.8000,-176.9461
16.8100,-176.8869
16.8200,-176.8277
16.8300,-176.7686
16.8400,-176.7096
16.8500,-176.6507
16.8600,-176.5919
16.8700,-176.5332
16.8800,-176.4746
16.8900,-176.4161
16.9000,-176.3577
16.9100,-176.2994
16.9200,-176.2412
16.9300,-176.1831
16.9400,-176.1250
16.9500,-176.0671
16.9600,-176.0093
16.9700,-175.9515
16.9800,-175.8939
16.9900,-175.8363
17.0000,-175.7789
17.0100,-175.7215
17.0200,-175.6642
17.0300,-175.6071
17.0400,-175.5500
17.0500,-175.4930
17.0600,-175.4361
17.0700,-175.3793
17.0800,-175.3226
17.0900,-175.2660
17.1000,-175.2094
17.1100,-175.1530
17.1200,-175.0967
17.1300,-175.0404
17.1400,-174.9843
17.1500,-174.9282
17.1600,-174.8723
17.1700,-174.8164
17.1800,-174.7606
17.1900,-174.7050
17.2000,-174.6494
17.2100,-174.5939
17.2200,-174.5384
17.2300,-174.4831
17.2400,-174.4279
17.2500,-174.3728
17.2600,-174.3177
17.2700,-174.2628
17.2800,-174.2079
17.2900,-174.1531
17.3000,-174.0985
17.3100,-174.0439
17.3200,-173.9894
17.3300,-173.9350
17.3400,-173.8807
17.3500,-173.8264
17.3600,-173.7723
17.3700,-173.7182
17.3800,-173.6643
17.3900,-173.6104
17.4000,-173.5566
17.4100,-173.5030
17.4200,-173.4494
17.4300,-173.3959
17.4400,-173.3424
17.4500,-173.2891
17.4600,-173.2359
17.4700,-173.1827
17.4800,-173.1296
17.4900,-173.0767
17.5000,-173.0238
17.5100,-172.9710
17.5200,-172.9183
17.5300,-172.8656
17.5400,-172.8131
17.5500,-172.7607
17.5600,-172.7083
17.5700,-172.6560
17.5800,-172.6038
17.5900,-172.5517
17.6000,-172.4997
17.6100,-172.4478
17.6200,-172.3960
17.6300,-172.3442
17.6400,-172.2925
17.6500,-172.2410
17.6600,-172.1895
17.6700,-172.1381
17.6800,-172.0867
17.6900,-172.0355
17.7000,-171.9844
17.7100,-171.9333
17.7200,-171.8823
17.7300,-171.8314
17.7400,-171.7806
17.7500,-171.7299
17.7600,-171.6793
17.7700,-171.6287
17.7800,-171.5782
17.7900,-171.5278
17.8000,-171.4775
17.8100,-171.4273
17.8200,-171.3772
17.8300,-171.3271
17.8400,-171.2772
17.8500,-171.2273
17.8600,-171.1775
17.8700,-171.1278
17.8800,-171.0782
17.8900,-171.0286
17.9000,-170.9791
17.9100,-170.9298
17.9200,-170.8805
17.9300,-170.8313
17.9400,-170.7821
17.9500,-170.7331
17.9600,-170.6841
17.9700,-170.6352
17.9800,-170.5864
17.9900,-170.5377
18.0000,-170.5377
18.0100,-170.4807
18.0200,-170.4235
18.0300,-170.3663
18.0400,-170.3089
18.0500,-170.2515
18.0600,-170.1939
18.0700,-170.1362
18.0800,-170.0784
18.0900,-170.0205
18.1000,-169.9625
18.1100,-169.9044
18.1200,-169.8462
18.1300,-169.7879
18.1400,-169.7294
18.1500,-169.6709
18.1600,-169.6122
18.1700,-169.5534
18.1800,-169.4945
18.1900,-169.4355
18.2000,-169.3764
18.2100,-169.3172
18.2200,-169.2578
18.2300,-169.1984
18.2400,-169.1388
18.2500,-169.0791
18.2600,-169.0193
18.2700,-168.9594
18.2800,-168.8994
18.2900,-168.8393
18.3000,-168.7791
18.3100,-168.7187
18.3200,-168.6582
18.3300,-168.5976
18.3400,-168.5369
18.3500,-168.4761
18.3600,-168.4152
18.3700,-168.3541
18.3800,-168.2930
18.3900,-168.2317
18.4000,-168.1703
18.4100,-168.1088
18.4200,-168.0472
18.4300,-167.9854
18.4400,-167.9236
18.4500,-167.8616
18.4600,-167.7995
18.4700,-167.7373
18.4800,-167.6750
18.4900,-167.6126
18.5000,-167.5500
18.5100,-167.4873
18.5200,-167.4245
18.5300,-167.3616
18.5400,-167.2986
18.5500,-167.2354
18.5600,-167.1722
18.5700,-167.1088
18.5800,-167.0453
18.5900,-166.9817
18.6000,-166.9179
18.6100,-166.8541
18.6200,-166.7901
18.6300,-166.7260
18.6400,-166.6618
18.6500,-166.5974
18.6600,-166.5330
18.6700,-166.4684
18.6800,-166.4037
18.6900,-166.3388
18.7000,-166.2739
18.7100,-166.2088
18.7200,-166.1436
18.7300,-166.0783
18.7400,-166.0129
18.7500,-165.9474
18.7600,-165.8817
18.7700,-165.8159
18.7800,-165.7500
18.7900,-165.6839
18.8000,-165.6178
18.8100,-165.5515
18.8200,-165.4851
18.8300,-165.4185
18.8400,-165.3519
18.8500,-165.2851
18.8600,-165.2182
18.8700,-165.1512
18.8800,-165.0840
18.8900,-165.0167
18.9000,-164.9493
18.9100,-164.8818
18.9200,-164.8142
18.9300,-164.7464
18.9400,-164.6785
18.9500,-164.6105
18.9600,-164.5423
18.9700,-164.4740
18.9800,-164.4056
18.9900,-164.3371
19.0000,-164.2685
19.0100,-164.1997
19.0200,-164.1308
19.0300,-164.0618
19.0400,-163.9926
19.0500,-163.9233
19.0600,-163.8539
19.0700,-163.7844
19.0800,-163.7147
19.0900,-163.6449
19.1000,-163.5750
19.1100,-163.5049
19.1200,-163.4348
19.1300,-163.3645
19.1400,-163.2940
19.1500,-163.2235
19.1600,-163.1528
19.1700,-163.0820
19.1800,-163.0110
19.1900,-162.9400
19.2000,-162.8688
19.2100,-162.7974
19.2200,-162.7260
19.2300,-162.6544
19.2400,-162.5827
19.2500,-162.5108
19.2600,-162.4389
19.2700,-162.3668
19.2800,-162.2945
19.2900,-162.2222
19.3000,-162.1497
19.3100,-162.0771
19.3200,-162.0043
19.3300,-161.9314
19.3400,-161.8584
19.3500,-161.7853
19.3600,-161.7120
19.3700,-161.6386
19.3800,-161.5651
19.3900,-161.4914
19.4000,-161.4176
19.4100,-161.3437
19.4200,-161.2696
19.4300,-161.1954
19.4400,-161.1211
19.4500,-161.0466
19.4600,-160.9720
19.4700,-160.8973
19.4800,-160.8225
19.4900,-160.7475
19.5000,-160.6724
19.5100,-160.5971
19.5200,-160.5218
19.5300,-160.4462
19.5400,-160.3706
19.5500,-160.2948
19.5600,-160.2189
19.5700,-160.1429
19.5800,-160.0667
19.5900,-159.9904
19.6000,-159.9140
19.6100,-159.8374
19.6200,-159.7607
19.6300,-159.6839
19.6400,-159.6069
19.6500,-159.5298
19.6600,-159.4525
19.6700,-159.3752
19.6800,-159.2977
19.6900,-159.2200
19.7000,-159.1423
19.7100,-159.0644
19.7200,-158.9863
19.7300,-158.9082
19.7400,-158.8298
19.7500,-158.7514
19.7600,-158.6728
19.7700,-158.5941
19.7800,-158.5153
19.7900,-158.4363
19.8000,-158.3572
19.8100,-158.2780
19.8200,-158.1986
19.8300,-158.1191
19.8400,-158.0394
19.8500,-157.9597
19.8600,-157.8797
19.8700,-157.7997
19.8800,-157.7195
19.8900,-157.6392
19.9000,-157.5588
19.9100,-157.4782
19.9200,-157.3974
19.9300,-157.3166
19.9400,-157.2356
19.9500,-157.1545
19.9600,-157.0732
19.9700,-156.9918
19.9800,-156.9103
19.9900,-156.8287
20.0000,-156.7469
20.0100,-156.6649
20.0200,-156.5829
20.0300,-156.5007
20.0400,-156.4183
20.0500,-156.3359
20.0600,-156.2533
20.0700,-156.1706
20.0800,-156.0877
20.0900,-156.0047
20.1000,-155.9215
20.1100,-155.8383
20.1200,-155.7549
20.1300,-155.6713
20.1400,-155.5877
20.1500,-155.5038
20.1600,-155.4199
20.1700,-155.3358
20.1800,-155.2516
20.1900,-155.1673
20.2000,-155.0828
20.2100,-154.9982
20.2200,-154.9134
20.2300,-154.8286
20.2400,-154.7436
20.2500,-154.6584
20.2600,-154.5731
20.2700,-154.4877
20.2800,-154.4022
20.2900,-154.3165
20.3000,-154.2307
20.3100,-154.1447
20.3200,-154.0586
20.3300,-153.9724
20.3400,-153.8861
20.3500,-153.7996
20.3600,-153.7130
20.3700,-153.6263
20.3800,-153.5394
20.3900,-153.4524
20.4000,-153.3652
20.4100,-153.2780
20.4200,-153.1905
20.4300,-153.1030
20.4400,-153.0153
20.4500,-152.9275
20.4600,-152.8396
20.4700,-152.7515
20.4800,-152.6633
20.4900,-152.5750
20.5000,-152.4865
20.5100,-152.3980
20.5200,-152.3092
20.5300,-152.2204
20.5400,-152.1314
20.5500,-152.0423
20.5600,-151.9530
20.5700,-151.8637
20.5800,-151.7742
20.5900,-151.6845
20.6000,-151.5948
20.6100,-151.5049
20.6200,-151.4148
20.6300,-151.3247
20.6400,-151.2344
20.6500,-151.1440
20.6600,-151.0534
20.6700,-150.9628
20.6800,-150.8720
20.6900,-150.7810
20.7000,-150.6900
20.7100,-150.5988
20.7200,-150.5075
20.7300,-150.4161
20.7400,-150.3245
20.7500,-150.2328
20.7600,-150.1410
20.7700,-150.0490
20.7800,-149.9570
20.7900,-149.8648
20.8000,-149.7724
20.8100,-149.6800
20.8200,-149.5874
20.8300,-149.4947
20.8400,-149.4019
20.8500,-149.3089
20.8600,-149.2159
20.8700,-149.1227
20.8800,-149.0293
20.8900,-148.9359
20.9000,-148.8423
20.9100,-148.7486
20.9200,-148.6548
20.9300,-148.5608
20.9400,-148.4668
20.9500,-148.3726
20.9600,-148.2783
20.9700,-148.1838
20.9800,-148.0893
20.9900,-147.9946
21.0000,-147.9946
21.0100,-148.0893
21.0200,-148.1838
21.0300,-148.2783
21.0400,-148.3726
21.0500,-148.4668
21.0600,-148.5608
21.0700,-148.6548
21.0800,-148.7486
21.0900,-148.8423
21.1000,-148.9359
21.1100,-149.0293
21.1200,-149.1227
21.1300,-149.2159
21.1400,-149.3089
21.1500,-149.4019
21.1600,-149.4947
21.1700,-149.5874
21.1800,-149.6800
21.1900,-149.7724
21.2000,-149.8648
21.2100,-149.9570
21.2200,-150.0490
21.2300,-150.1410
21.2400,-150.2328
21.2500,-150.3245
21.2600,-150.4161
21.2700,-150.5075
21.2800,-150.5988
21.2900,-150.6900
21.3000,-150.7810
21.3100,-150.8720
21.3200,-150.9628
21.3300,-151.0534
21.3400,-151.1440
21.3500,-151.2344
21.3600,-151.3247
21.3700,-151.4148
21.3800,-151.5049
21.3900,-151.5948
21.4000,-151.6845
21.4100,-151.7742
21.4200,-151.8637
21.4300,-151.9530
21.4400,-152.0423
21.4500,-152.1314
21.4600,-152.2204
21.4700,-152.3092
21.4800,-152.3980
21.4900,-152.4865
21.5000,-152.5750
21.5100,-152.6633
21.5200,-152.7515
21.5300,-152.8396
21.5400,-152.9275
21.5500,-153.0153
21.5600,-153.1030
21.5700,-153.1905
21.5800,-153.2780
21.5900,-153.3652
21.6000,-153.4524
21.6100,-153.5394
21.6200,-153.6263
21.6300,-153.7130
21.6400,-153.7996
21.6500,-153.8861
21.6600,-153.9724
21.6700,-154.0586
21.6800,-154.1447
21.6900,-154.2307
21.7000,-154.3165
21.7100,-154.4022
21.7200,-154.4877
21.7300,-154.5731
21.7400,-154.6584
21.7500,-154.7436
21.7600,-154.8286
21.7700,-154.9134
21.7800,-154.9982
21.7900,-155.0828
21.8000,-155.1673
21.8100,-155.2516
21.8200,-155.3358
21.8300,-155.4199
21.8400,-155.5038
21.8500,-155.5877
21.8600,-155.6713
21.8700,-155.7549
21.8800,-155.8383
21.8900,-155.9215
21.9000,-156.0047
21.9100,-156.0877
21.9200,-156.1706
21.9300,-156.2533
21.9400,-156.3359
21.9500,-156.4183
21.9600,-156.5007
21.9700,-156.5829
21.9800,-156.6649
21.9900,-156.7469
22.0000,-156.8287
22.0100,-156.9103
22.0200,-156.9918
22.0300,-157.0732
22.0400,-157.1545
22.0500,-157.2356
22.0600,-157.3166
22.0700,-157.3974
22.0800,-157.4782
22.0900,-157.5588
22.1000,-157.6392
22.1100,-157.7195
22.1200,-157.7997
22.1300,-157.8797
22.1400,-157.9597
22.1500,-158.0394
22.1600,-158.1191
22.1700,-158.1986
22.1800,-158.2780
22.1900,-158.3572
22.2000,-158.4363
22.2100,-158.5153
22.2200,-158.5941
22.2300,-158.6728
22.2400,-158.7514
22.2500,-158.8298
22.2600,-158.9082
22.2700,-158.9863
22.2800,-159.0644
22.2900,-159.1423
22.3000,-159.2200
22.3100,-159.2977
22.3200,-159.3752
22.3300,-159.4525
22.3400,-159.5298
22.3500,-159.6069
22.3600,-159.6839
22.3700,-159.7607
22.3800,-159.8374
22.3900,-159.9140
22.4000,-159.9904
22.4100,-160.0667
22.4200,-160.1429
22.4300,-160.2189
22.4400,-160.2948
22.4500,-160.3706
22.4600,-160.4462
22.4700,-160.5218
22.4800,-160.5971
22.4900,-160.6724
22.5000,-160.7475
22.5100,-160.8225
22.5200,-160.8973
22.5300,-160.9720
22.5400,-161.0466
22.5500,-161.1211
22.5600,-161.1954
22.5700,-161.2696
22.5800,-161.3437
22.5900,-161.4176
22.6000,-161.4914
22.6100,-161.5651
22.6200,-161.6386
22.6300,-161.7120
22.6400,-161.7853
22.6500,-161.8584
22.6600,-161.9314
22.6700,-162.0043
22.6800,-162.0771
22.6900,-162.1497
22.7000,-162.2222
22.7100,-162.2945
22.7200,-162.3668
22.7300,-162.4389
22.7400,-162.5108
22.7500,-162.5827
22.7600,-162.6544
22.7700,-162.7260
22.7800,-162.7974
22.7900,-162.8688
22.8000,-162.9400
22.8100,-163.0110
22.8200,-163.0820
22.8300,-163.1528
22.8400,-163.2235
22.8500,-163.2940
22.8600,-163.3645
22.8700,-163.4348
22.8800,-163.5049
22.8900,-163.5750
22.9000,-163.6449
22.9100,-163.7147
22.9200,-163.7844
22.9300,-163.8539
22.9400,-163.9233
22.9500,-163.9926
22.9600,-164.0618
22.9700,-164.1308
22.9800,-164.1997
22.9900,-164.2685
23.0000,-164.3371
23.0100,-164.4056
23.0200,-164.4740
23.0300,-164.5423
23.0400,-164.6105
23.0500,-164.6785
23.0600,-164.7464
23.0700,-164.8142
23.0800,-164.8818
23.0900,-164.9493
23.1000,-165.0167
23.1100,-165.0840
23.1200,-165.1512
23.1300,-165.2182
23.1400,-165.2851
23.1500,-165.3519
23.1600,-165.4185
23.1700,-165.4851
23.1800,-165.5515
23.1900,-165.6178
23.2000,-165.6839
23.2100,-165.7500
23.2200,-165.8159
23.2300,-165.8817
23.2400,-165.9474
23.2500,-166.0129
23.2600,-166.0783
23.2700,-166.1436
23.2800,-166.2088
23.2900,-166.2739
23.3000,-166.3388
23.3100,-166.4037
23.3200,-166.4684
23.3300,-166.5330
23.3400,-166.5974
23.3500,-166.6618
23.3600,-166.7260
23.3700,-166.7901
23.3800,-166.8541
23.3900,-166.9179
23.4000,-166.9817
23.4100,-167.0453
23.4200,-167.1088
23.4300,-167.1722
23.4400,-167.2354
23.4500,-167.2986
23.4600,-167.3616
23.4700,-167.4245
23.4800,-167.4873
23.4900,-167.5500
23.5000,-167.6126
23.5100,-167.6750
23.5200,-167.7373
23.5300,-167.7995
23.5400,-167.8616
23.5500,-167.9236
23.5600,-167.9854
23.5700,-168.0472
23.5800,-168.1088
23.5900,-168.1703
23.6000,-168.2317
23.6100,-168.2930
23.6200,-168.3541
23.6300,-168.4152
23.6400,-168.4761
23.6500,-168.5369
23.6600,-168.5976
23.6700,-168.6582
23.6800,-168.7187
23.6900,-168.7791
23.7000,-168.8393
23.7100,-168.8994
23.7200,-168.9594
23.7300,-169.0193
23.7400,-169.0791
23.7500,-169.1388
23.7600,-169.1984
23.7700,-169.2578
23.7800,-169.3172
23.7900,-169.3764
23.8000,-169.4355
23.8100,-169.4945
23.8200,-169.5534
23.8300,-169.6122
23.8400,-169.6709
23.8500,-169.7294
23.8600,-169.7879
23.8700,-169.8462
23.8800,-169.9044
23.8900,-169.9625
23.9000,-170.0205
23.9100,-170.0784
23.9200,-170.1362
23.9300,-170.1939
23.9400,-170.2515
23.9500,-170.3089
23.9600,-170.3663
23.9700,-170.4235
23.9800,-170.4807
23.9900,-170.5377
24.0000,-170.5377
24.0100,-170.5864
24.0200,-170.6352
24.0300,-170.6841
24.0400,-170.7331
24.0500,-170.7821
24.0600,-170.8313
24.0700,-170.8805
24.0800,-170.9298
24.0900,-170.9791
24.1000,-171.0286
24.1100,-171.0782
24.1200,-171.1278
24.1300,-171.1775
24.1400,-171.2273
24.1500,-171.2772
24.1600,-171.3271
24.1700,-171.3772
24.1800,-171.4273
24.1900,-171.4775
24.2000,-171.5278
24.2100,-171.5782
24.2200,-171.6287
24.2300,-171.6793
24.2400,-171.7299
24.2500,-171.7806
24.2600,-171.8314
24.2700,-171.8823
24.2800,-171.9333
24.2900,-171.9844
24.3000,-172.0355
24.3100,-172.0867
24.3200,-172.1381
24.3300,-172.1895
24.3400,-172.2410
24.3500,-172.2925
24.3600,-172.3442
24.3700,-172.3960
24.3800,-172.4478
24.3900,-172.4997
24.4000,-172.5517
24.4100,-172.6038
24.4200,-172.6560
24.4300,-172.7083
24.4400,-172.7607
24.4500,-172.8131
24.4600,-172.8656
24.4700,-172.9183
24.4800,-172.9710
24.4900,-173.0238
24.5000,-173.0767
24.5100,-173.1296
24.5200,-173.1827
24.5300,-173.2359
24.5400,-173.2891
24.5500,-173.3424
24.5600,-173.3959
24.5700,-173.4494
24.5800,-173.5030
24.5900,-173.5566
24.6000,-173.6104
24.6100,-173.6643
24.6200,-173.7182
24.6300,-173.7723
24.6400,-173.8264
24.6500,-173.8807
24.6600,-173.9350
24.6700,-173.9894
24.6800,-174.0439
24.6900,-174.0985
24.7000,-174.1531
24.7100,-174.2079
24.7200,-174.2628
24.7300,-174.3177
24.7400,-174.3728
24.7500,-174.4279
24.7600,-174.4831
24.7700,-174.5384
24.7800,-174.5939
24.7900,-174.6494
24.8000,-174.7050
24.8100,-174.7606
24.8200,-174.8164
24.8300,-174.8723
24.8400,-174.9282
24.8500,-174.9843
24.8600,-175.0404
24.8700,-175.0967
24.8800,-175.1530
24.8900,-175.2094
24.9000,-175.2660
24.9100,-175.3226
24.9200,-175.3793
24.9300,-175.4361
24.9400,-175.4930
24.9500,-175.5500
24.9600,-175.6071
24.9700,-175.6642
24.9800,-175.7215
24.9900,-175.7789
25.0000,-175.8363
25.0100,-175.8939
25.0200,-175.9515
25.0300,-176.0093
25.0400,-176.0671
25.0500,-176.1250
25.0600,-176.1831
25.0700,-176.2412
25.0800,-176.2994
25.0900,-176.3577
25.1000,-176.4161
25.1100,-176.4746
25.1200,-176.5332
25.1300,-176.5919
25.1400,-176.6507
25.1500,-176.7096
25.1600,-176.7686
25.1700,-176.8277
25.1800,-176.8869
25.1900,-176.9461
25.2000,-177.0055
25.2100,-177.0650
25.2200,-177.1245
25.2300,-177.1842
25.2400,-177.2440
25.2500,-177.3038
25.2600,-177.3638
25.2700,-177.4238
25.2800,-177.4840
25.2900,-177.5442
25.3000,-177.6046
25.3100,-177.6650
25.3200,-177.7255
25.3300,-177.7862
25.3400,-177.8469
25.3500,-177.9078
25.3600,-177.9687
25.3700,-178.0297
25.3800,-178.0908
25.3900,-178.1521
25.4000,-178.2134
25.4100,-178.2748
25.4200,-178.3364
25.4300,-178.3980
25.4400,-178.4597
25.4500,-178.5215
25.4600,-178.5834
25.4700,-178.6455
25.4800,-178.7076
25.4900,-178.7698
25.5000,-178.8321
25.5100,-178.8946
25.5200,-178.9571
25.5300,-179.0197
25.5400,-179.0824
25.5500,-179.1452
25.5600,-179.2082
25.5700,-179.2712
25.5800,-179.3343
25.5900,-179.3975
25.6000,-179.4608
25.6100,-179.5243
25.6200,-179.5878
25.6300,-179.6514
25.6400,-179.7151
25.6500,-179.7790
25.6600,-179.8429
25.6700,-179.9069
25.6800,-179.9711
25.6900,179.9647
25.7000,179.9004
25.7100,179.8359
25.7200,179.7714
25.7300,179.7068
25.7400,179.6420
25.7500,179.5772
25.7600,179.5122
25.7700,179.4472
25.7800,179.3820
25.7900,179.3168
25.8000,179.2514
25.8100,179.1860
25.8200,179.1204
25.8300,179.0548
25.8400,178.9890
25.8500,178.9231
25.8600,178.8572
25.8700,178.7911
25.8800,178.7249
25.8900,178.6587
25.9000,178.5923
25.9100,178.5258
25.9200,178.4592
25.9300,178.3925
25.9400,178.3257
25.9500,178.2588
25.9600,178.1918
25.9700,178.1247
25.9800,178.0575
25.9900,177.9902
26.0000,177.9228
26.0100,177.8553
26.0200,177.7877
26.0300,177.7200
26.0400,177.6522
26.0500,177.5842
26.0600,177.5162
26.0700,177.4481
26.0800,177.3798
26.0900,177.3115
26.1000,177.2430
26.1100,177.1745
26.1200,177.1058
26.1300,177.0371
26.1400,176.9682
26.1500,176.8992
26.1600,176.8302
26.1700,176.7610
26.1800,176.6917
26.1900,176.6223
26.2000,176.5528
26.2100,176.4832
26.2200,176.4136
26.2300,176.3438
26.2400,176.2738
26.2500,176.2038
26.2600,176.1337
26.2700,176.0635
26.2800,175.9932
26.2900,175.9228
26.3000,175.8522
26.3100,175.7816
26.3200,175.7108
26.3300,175.6400
26.3400,175.5691
26.3500,175.4980
26.3600,175.4268
26.3700,175.3556
26.3800,175.2842
26.3900,175.2127
26.4000,175.1412
26.4100,175.0695
26.4200,174.9977
26.4300,174.9258
26.4400,174.8538
26.4500,174.7817
26.4600,174.7095
26.4700,174.6372
26.4800,174.5648
26.4900,174.4923
26.5000,174.4196
26.5100,174.3469
26.5200,174.2741
26.5300,174.2011
26.5400,174.1281
26.5500,174.0549
26.5600,173.9817
26.5700,173.9083
26.5800,173.8349
26.5900,173.7613
26.6000,173.6876
26.6100,173.6139
26.6200,173.5400
26.6300,173.4660
26.6400,173.3919
26.6500,173.3177
26.6600,173.2434
26.6700,173.1690
26.6800,173.0945
26.6900,173.0199
26.7000,172.9452
26.7100,172.8704
26.7200,172.7955
26.7300,172.7204
26.7400,172.6453
26.7500,172.5701
26.7600,172.4947
26.7700,172.4193
26.7800,172.3437
26.7900,172.2681
26.8000,172.1923
26.8100,172.1165
26.8200,172.0405
26.8300,171.9645
26.8400,171.8883
26.8500,171.8120
26.8600,171.7356
26.8700,171.6592
26.8800,171.5826
26.8900,171.5059
26.9000,171.4291
26.9100,171.3522
26.9200,171.2752
26.9300,171.1981
26.9400,171.1209
26.9500,171.0436
26.9600,170.9662
26.9700,170.8887
26.9800,170.8111
26.9900,170.7334
