0.0000,46.0655
0.0100,46.1055
0.0200,46.1446
0.0300,46.1828
0.0400,46.2200
0.0500,46.2564
0.0600,46.2919
0.0700,46.3266
0.0800,46.3603
0.0900,46.3932
0.1000,46.4252
0.1100,46.4564
0.1200,46.4867
0.1300,46.5162
0.1400,46.5448
0.1500,46.5726
0.1600,46.5995
0.1700,46.6256
0.1800,46.6509
0.1900,46.6754
0.2000,46.6990
0.2100,46.7219
0.2200,46.7439
0.2300,46.7651
0.2400,46.7856
0.2500,46.8052
0.2600,46.8240
0.2700,46.8421
0.2800,46.8593
0.2900,46.8758
0.3000,46.8915
0.3100,46.9064
0.3200,46.9206
0.3300,46.9340
0.3400,46.9466
0.3500,46.9584
0.3600,46.9695
0.3700,46.9798
0.3800,46.9894
0.3900,46.9982
0.4000,47.0063
0.4100,47.0136
0.4200,47.0202
0.4300,47.0261
0.4400,47.0312
0.4500,47.0355
0.4600,47.0392
0.4700,47.0421
0.4800,47.0443
0.4900,47.0457
0.5000,47.0465
0.5100,47.0465
0.5200,47.0458
0.5300,47.0444
0.5400,47.0422
0.5500,47.0394
0.5600,47.0358
0.5700,47.0316
0.5800,47.0266
0.5900,47.0209
0.6000,47.0146
0.6100,47.0075
0.6200,46.9997
0.6300,46.9913
0.6400,46.9821
0.6500,46.9723
0.6600,46.9618
0.6700,46.9505
0.6800,46.9386
0.6900,46.9261
0.7000,46.9128
0.7100,46.8989
0.7200,46.8842
0.7300,46.8689
0.7400,46.8530
0.7500,46.8363
0.7600,46.8190
0.7700,46.8010
0.7800,46.7824
0.7900,46.7631
0.8000,46.7431
0.8100,46.7224
0.8200,46.7011
0.8300,46.6792
0.8400,46.6566
0.8500,46.6333
0.8600,46.6094
0.8700,46.5848
0.8800,46.5596
0.8900,46.5337
0.9000,46.5071
0.9100,46.4800
0.9200,46.4522
0.9300,46.4237
0.9400,46.3946
0.9500,46.3648
0.9600,46.3345
0.9700,46.3034
0.9800,46.2718
0.9900,46.2395
1.0000,46.2066
1.0100,46.1730
1.0200,46.1388
1.0300,46.1040
1.0400,46.0686
1.0500,46.0325
1.0600,45.9958
1.0700,45.9585
1.0800,45.9205
1.0900,45.8820
1.1000,45.8428
1.1100,45.8030
1.1200,45.7626
1.1300,45.7216
1.1400,45.6799
1.1500,45.6377
1.1600,45.5948
1.1700,45.5513
1.1800,45.5073
1.1900,45.4626
1.2000,45.4173
1.2100,45.3714
1.2200,45.3249
1.2300,45.2778
1.2400,45.2301
1.2500,45.1818
1.2600,45.1329
1.2700,45.0834
1.2800,45.0333
1.2900,44.9827
1.3000,44.9314
1.3100,44.8795
1.3200,44.8271
1.3300,44.7741
1.3400,44.7204
1.3500,44.6662
1.3600,44.6115
1.3700,44.5561
1.3800,44.5002
1.3900,44.4436
1.4000,44.3865
1.4100,44.3288
1.4200,44.2706
1.4300,44.2118
1.4400,44.1524
1.4500,44.0924
1.4600,44.0319
1.4700,43.9708
1.4800,43.9091
1.4900,43.8469
1.5000,43.7841
1.5100,43.7207
1.5200,43.6568
1.5300,43.5924
1.5400,43.5273
1.5500,43.4618
1.5600,43.3956
1.5700,43.3289
1.5800,43.2617
1.5900,43.1939
1.6000,43.1256
1.6100,43.0567
1.6200,42.9873
1.6300,42.9173
1.6400,42.8468
1.6500,42.7757
1.6600,42.7042
1.6700,42.6320
1.6800,42.5594
1.6900,42.4862
1.7000,42.4125
1.7100,42.3382
1.7200,42.2634
1.7300,42.1881
1.7400,42.1123
1.7500,42.0359
1.7600,41.9590
1.7700,41.8816
1.7800,41.8037
1.7900,41.7253
1.8000,41.6464
1.8100,41.5669
1.8200,41.4869
1.8300,41.4064
1.8400,41.3254
1.8500,41.2439
1.8600,41.1619
1.8700,41.0794
1.8800,40.9964
1.8900,40.9129
1.9000,40.8289
1.9100,40.7444
1.9200,40.6594
1.9300,40.5739
1.9400,40.4879
1.9500,40.4015
1.9600,40.3145
1.9700,40.2271
1.9800,40.1392
1.9900,40.0507
2.0000,39.9619
2.0100,39.8725
2.0200,39.7827
2.0300,39.6923
2.0400,39.6016
2.0500,39.5103
2.0600,39.4186
2.0700,39.3264
2.0800,39.2337
2.0900,39.1406
2.1000,39.0470
2.1100,38.9530
2.1200,38.8585
2.1300,38.7635
2.1400,38.6681
2.1500,38.5723
2.1600,38.4760
2.1700,38.3792
2.1800,38.2820
2.1900,38.1844
2.2000,38.0863
2.2100,37.9878
2.2200,37.8888
2.2300,37.7894
2.2400,37.6896
2.2500,37.5893
2.2600,37.4886
2.2700,37.3875
2.2800,37.2859
2.2900,37.1840
2.3000,37.0816
2.3100,36.9788
2.3200,36.8755
2.3300,36.7719
2.3400,36.6678
2.3500,36.5634
2.3600,36.4585
2.3700,36.3532
2.3800,36.2475
2.3900,36.1414
2.4000,36.0349
2.4100,35.9280
2.4200,35.8207
2.4300,35.7130
2.4400,35.6050
2.4500,35.4965
2.4600,35.3876
2.4700,35.2784
2.4800,35.1688
2.4900,35.0588
2.5000,34.9484
2.5100,34.8376
2.5200,34.7264
2.5300,34.6149
2.5400,34.5030
2.5500,34.3908
2.5600,34.2781
2.5700,34.1651
2.5800,34.0518
2.5900,33.9380
2.6000,33.8240
2.6100,33.7095
2.6200,33.5947
2.6300,33.4796
2.6400,33.3641
2.6500,33.2482
2.6600,33.1320
2.6700,33.0155
2.6800,32.8986
2.6900,32.7814
2.7000,32.6638
2.7100,32.5459
2.7200,32.4277
2.7300,32.3091
2.7400,32.1902
2.7500,32.0710
2.7600,31.9514
2.7700,31.8315
2.7800,31.7113
2.7900,31.5908
2.8000,31.4700
2.8100,31.3488
2.8200,31.2273
2.8300,31.1056
2.8400,30.9835
2.8500,30.8611
2.8600,30.7384
2.8700,30.6154
2.8800,30.4920
2.8900,30.3684
2.9000,30.2445
2.9100,30.1203
2.9200,29.9958
2.9300,29.8710
2.9400,29.7459
2.9500,29.6206
2.9600,29.4949
2.9700,29.3689
2.9800,29.2427
2.9900,29.1162
3.0000,29.1162
3.0100,29.0926
3.0200,29.0689
3.0300,29.0451
3.0400,29.0211
3.0500,28.9971
3.0600,28.9730
3.0700,28.9488
3.0800,28.9245
3.0900,28.9000
3.1000,28.8755
3.1100,28.8509
3.1200,28.8261
3.1300,28.8013
3.1400,28.7764
3.1500,28.7513
3.1600,28.7262
3.1700,28.7009
3.1800,28.6756
3.1900,28.6501
3.2000,28.6246
3.2100,28.5989
3.2200,28.5731
3.2300,28.5473
3.2400,28.5213
3.2500,28.4952
3.2600,28.4690
3.2700,28.4427
3.2800,28.4163
3.2900,28.3898
3.3000,28.3632
3.3100,28.3365
3.3200,28.3097
3.3300,28.2827
3.3400,28.2557
3.3500,28.2285
3.3600,28.2013
3.3700,28.1739
3.3800,28.1465
3.3900,28.1189
3.4000,28.0912
3.4100,28.0634
3.4200,28.0355
3.4300,28.0075
3.4400,27.9794
3.4500,27.9512
3.4600,27.9228
3.4700,27.8944
3.4800,27.8658
3.4900,27.8372
3.5000,27.8084
3.5100,27.7795
3.5200,27.7505
3.5300,27.7214
3.5400,27.6922
3.5500,27.6628
3.5600,27.6334
3.5700,27.6039
3.5800,27.5742
3.5900,27.5444
3.6000,27.5145
3.6100,27.4845
3.6200,27.4544
3.6300,27.4242
3.6400,27.3938
3.6500,27.3634
3.6600,27.3328
3.6700,27.3021
3.6800,27.2713
3.6900,27.2404
3.7000,27.2093
3.7100,27.1782
3.7200,27.1469
3.7300,27.1156
3.7400,27.0841
3.7500,27.0525
3.7600,27.0207
3.7700,26.9889
3.7800,26.9569
3.7900,26.9248
3.8000,26.8926
3.8100,26.8603
3.8200,26.8279
3.8300,26.7953
3.8400,26.7627
3.8500,26.7299
3.8600,26.6970
3.8700,26.6639
3.8800,26.6308
3.8900,26.5975
3.9000,26.5641
3.9100,26.5306
3.9200,26.4970
3.9300,26.4633
3.9400,26.4294
3.9500,26.3954
3.9600,26.3613
3.9700,26.3270
3.9800,26.2927
3.9900,26.2582
4.0000,26.2236
4.0100,26.1888
4.0200,26.1540
4.0300,26.1190
4.0400,26.0839
4.0500,26.0487
4.0600,26.0133
4.0700,25.9778
4.0800,25.9422
4.0900,25.9065
4.1000,25.8706
4.1100,25.8347
4.1200,25.7986
4.1300,25.7623
4.1400,25.7259
4.1500,25.6895
4.1600,25.6528
4.1700,25.6161
4.1800,25.5792
4.1900,25.5422
4.2000,25.5050
4.2100,25.4678
4.2200,25.4304
4.2300,25.3928
4.2400,25.3552
4.2500,25.3174
4.2600,25.2795
4.2700,25.2414
4.2800,25.2032
4.2900,25.1649
4.3000,25.1264
4.3100,25.0879
4.3200,25.0491
4.3300,25.0103
4.3400,24.9713
4.3500,24.9322
4.3600,24.8929
4.3700,24.8535
4.3800,24.8140
4.3900,24.7743
4.4000,24.7345
4.4100,24.6945
4.4200,24.6544
4.4300,24.6142
4.4400,24.5739
4.4500,24.5334
4.4600,24.4927
4.4700,24.4519
4.4800,24.4110
4.4900,24.3700
4.5000,24.3288
4.5100,24.2874
4.5200,24.2459
4.5300,24.2043
4.5400,24.1625
4.5500,24.1206
4.5600,24.0786
4.5700,24.0364
4.5800,23.9940
4.5900,23.9515
4.6000,23.9089
4.6100,23.8661
4.6200,23.8232
4.6300,23.7801
4.6400,23.7369
4.6500,23.6935
4.6600,23.6500
4.6700,23.6063
4.6800,23.5625
4.6900,23.5185
4.7000,23.4744
4.7100,23.4302
4.7200,23.3857
4.7300,23.3412
4.7400,23.2964
4.7500,23.2516
4.7600,23.2065
4.7700,23.1613
4.7800,23.1160
4.7900,23.0705
4.8000,23.0248
4.8100,22.9790
4.8200,22.9331
4.8300,22.8870
4.8400,22.8407
4.8500,22.7942
4.8600,22.7476
4.8700,22.7009
4.8800,22.6540
4.8900,22.6069
4.9000,22.5596
4.9100,22.5122
4.9200,22.4647
4.9300,22.4169
4.9400,22.3691
4.9500,22.3210
4.9600,22.2728
4.9700,22.2244
4.9800,22.1758
4.9900,22.1271
5.0000,22.0782
5.0100,22.0292
5.0200,21.9799
5.0300,21.9305
5.0400,21.8810
5.0500,21.8312
5.0600,21.7813
5.0700,21.7312
5.0800,21.6810
5.0900,21.6306
5.1000,21.5800
5.1100,21.5292
5.1200,21.4782
5.1300,21.4271
5.1400,21.3758
5.1500,21.3243
5.1600,21.2726
5.1700,21.2208
5.1800,21.1687
5.1900,21.1165
5.2000,21.0641
5.2100,21.0116
5.2200,20.9588
5.2300,20.9058
5.2400,20.8527
5.2500,20.7994
5.2600,20.7459
5.2700,20.6922
5.2800,20.6383
5.2900,20.5842
5.3000,20.5300
5.3100,20.4755
5.3200,20.4209
5.3300,20.3660
5.3400,20.3110
5.3500,20.2558
5.3600,20.2003
5.3700,20.1447
5.3800,20.0889
5.3900,20.0328
5.4000,19.9766
5.4100,19.9202
5.4200,19.8636
5.4300,19.8067
5.4400,19.7497
5.4500,19.6924
5.4600,19.6350
5.4700,19.5773
5.4800,19.5195
5.4900,19.4614
5.5000,19.4031
5.5100,19.3446
5.5200,19.2859
5.5300,19.2269
5.5400,19.1678
5.5500,19.1084
5.5600,19.0488
5.5700,18.9890
5.5800,18.9290
5.5900,18.8688
5.6000,18.8083
5.6100,18.7476
5.6200,18.6867
5.6300,18.6255
5.6400,18.5642
5.6500,18.5026
5.6600,18.4407
5.6700,18.3787
5.6800,18.3164
5.6900,18.2538
5.7000,18.1910
5.7100,18.1280
5.7200,18.0648
5.7300,18.0013
5.7400,17.9375
5.7500,17.8736
5.7600,17.8093
5.7700,17.7449
5.7800,17.6801
5.7900,17.6152
5.8000,17.5499
5.8100,17.4845
5.8200,17.4187
5.8300,17.3527
5.8400,17.2865
5.8500,17.2199
5.8600,17.1532
5.8700,17.0861
5.8800,17.0188
5.8900,16.9512
5.9000,16.8834
5.9100,16.8153
5.9200,16.7469
5.9300,16.6782
5.9400,16.6093
5.9500,16.5400
5.9600,16.4705
5.9700,16.4007
5.9800,16.3306
5.9900,16.2603
6.0000,16.2603
6.0100,16.3399
6.0200,16.4192
6.0300,16.4981
6.0400,16.5766
6.0500,16.6548
6.0600,16.7326
6.0700,16.8100
6.0800,16.8871
6.0900,16.9638
6.1000,17.0402
6.1100,17.1162
6.1200,17.1919
6.1300,17.2672
6.1400,17.3422
6.1500,17.4169
6.1600,17.4912
6.1700,17.5652
6.1800,17.6389
6.1900,17.7122
6.2000,17.7852
6.2100,17.8579
6.2200,17.9303
6.2300,18.0024
6.2400,18.0741
6.2500,18.1455
6.2600,18.2166
6.2700,18.2874
6.2800,18.3579
6.2900,18.4281
6.3000,18.4980
6.3100,18.5676
6.3200,18.6369
6.3300,18.7059
6.3400,18.7746
6.3500,18.8430
6.3600,18.9111
6.3700,18.9789
6.3800,19.0464
6.3900,19.1137
6.4000,19.1807
6.4100,19.2474
6.4200,19.3138
6.4300,19.3799
6.4400,19.4457
6.4500,19.5113
6.4600,19.5766
6.4700,19.6416
6.4800,19.7064
6.4900,19.7709
6.5000,19.8351
6.5100,19.8991
6.5200,19.9628
6.5300,20.0262
6.5400,20.0894
6.5500,20.1523
6.5600,20.2149
6.5700,20.2773
6.5800,20.3395
6.5900,20.4014
6.6000,20.4630
6.6100,20.5244
6.6200,20.5855
6.6300,20.6464
6.6400,20.7071
6.6500,20.7674
6.6600,20.8276
6.6700,20.8875
6.6800,20.9472
6.6900,21.0066
6.7000,21.0658
6.7100,21.1247
6.7200,21.1834
6.7300,21.2419
6.7400,21.3001
6.7500,21.3581
6.7600,21.4159
6.7700,21.4735
6.7800,21.5308
6.7900,21.5879
6.8000,21.6447
6.8100,21.7013
6.8200,21.7577
6.8300,21.8139
6.8400,21.8699
6.8500,21.9256
6.8600,21.9811
6.8700,22.0364
6.8800,22.0915
6.8900,22.1463
6.9000,22.2009
6.9100,22.2554
6.9200,22.3096
6.9300,22.3635
6.9400,22.4173
6.9500,22.4709
6.9600,22.5242
6.9700,22.5773
6.9800,22.6303
6.9900,22.6830
7.0000,22.7355
7.0100,22.7878
7.0200,22.8399
7.0300,22.8917
7.0400,22.9434
7.0500,22.9949
7.0600,23.0462
7.0700,23.0972
7.0800,23.1481
7.0900,23.1988
7.1000,23.2492
7.1100,23.2995
7.1200,23.3496
7.1300,23.3994
7.1400,23.4491
7.1500,23.4986
7.1600,23.5479
7.1700,23.5969
7.1800,23.6458
7.1900,23.6945
7.2000,23.7430
7.2100,23.7913
7.2200,23.8395
7.2300,23.8874
7.2400,23.9351
7.2500,23.9827
7.2600,24.0300
7.2700,24.0772
7.2800,24.1242
7.2900,24.1710
7.3000,24.2176
7.3100,24.2640
7.3200,24.3103
7.3300,24.3563
7.3400,24.4022
7.3500,24.4479
7.3600,24.4934
7.3700,24.5387
7.3800,24.5839
7.3900,24.6288
7.4000,24.6736
7.4100,24.7182
7.4200,24.7626
7.4300,24.8069
7.4400,24.8510
7.4500,24.8949
7.4600,24.9386
7.4700,24.9821
7.4800,25.0255
7.4900,25.0687
7.5000,25.1117
7.5100,25.1545
7.5200,25.1972
7.5300,25.2397
7.5400,25.2820
7.5500,25.3242
7.5600,25.3662
7.5700,25.4080
7.5800,25.4496
7.5900,25.4911
7.6000,25.5324
7.6100,25.5735
7.6200,25.6145
7.6300,25.6553
7.6400,25.6959
7.6500,25.7364
7.6600,25.7767
7.6700,25.8168
7.6800,25.8568
7.6900,25.8966
7.7000,25.9363
7.7100,25.9757
7.7200,26.0151
7.7300,26.0542
7.7400,26.0932
7.7500,26.1320
7.7600,26.1707
7.7700,26.2092
7.7800,26.2475
7.7900,26.2857
7.8000,26.3237
7.8100,26.3616
7.8200,26.3993
7.8300,26.4369
7.8400,26.4743
7.8500,26.5115
7.8600,26.5486
7.8700,26.5855
7.8800,26.6222
7.8900,26.6589
7.9000,26.6953
7.9100,26.7316
7.9200,26.7677
7.9300,26.8037
7.9400,26.8396
7.9500,26.8752
7.9600,26.9108
7.9700,26.9461
7.9800,26.9814
7.9900,27.0164
8.0000,27.0514
8.0100,27.0861
8.0200,27.1207
8.0300,27.1552
8.0400,27.1895
8.0500,27.2237
8.0600,27.2577
8.0700,27.2916
8.0800,27.3253
8.0900,27.3589
8.1000,27.3923
8.1100,27.4256
8.1200,27.4587
8.1300,27.4917
8.1400,27.5245
8.1500,27.5572
8.1600,27.5897
8.1700,27.6221
8.1800,27.6544
8.1900,27.6865
8.2000,27.7184
8.2100,27.7503
8.2200,27.7819
8.2300,27.8135
8.2400,27.8449
8.2500,27.8761
8.2600,27.9072
8.2700,27.9382
8.2800,27.9690
8.2900,27.9997
8.3000,28.0302
8.3100,28.0606
8.3200,28.0908
8.3300,28.1210
8.3400,28.1509
8.3500,28.1808
8.3600,28.2105
8.3700,28.2400
8.3800,28.2694
8.3900,28.2987
8.4000,28.3279
8.4100,28.3569
8.4200,28.3857
8.4300,28.4145
8.4400,28.4430
8.4500,28.4715
8.4600,28.4998
8.4700,28.5280
8.4800,28.5560
8.4900,28.5840
8.5000,28.6117
8.5100,28.6394
8.5200,28.6669
8.5300,28.6943
8.5400,28.7215
8.5500,28.7486
8.5600,28.7756
8.5700,28.8024
8.5800,28.8291
8.5900,28.8557
8.6000,28.8821
8.6100,28.9084
8.6200,28.9346
8.6300,28.9607
8.6400,28.9866
8.6500,29.0124
8.6600,29.0380
8.6700,29.0635
8.6800,29.0889
8.6900,29.1142
8.7000,29.1393
8.7100,29.1643
8.7200,29.1892
8.7300,29.2139
8.7400,29.2385
8.7500,29.2630
8.7600,29.2874
8.7700,29.3116
8.7800,29.3357
8.7900,29.3597
8.8000,29.3836
8.8100,29.4073
8.8200,29.4309
8.8300,29.4543
8.8400,29.4777
8.8500,29.5009
8.8600,29.5240
8.8700,29.5470
8.8800,29.5698
8.8900,29.5925
8.9000,29.6151
8.9100,29.6376
8.9200,29.6599
8.9300,29.6821
8.9400,29.7042
8.9500,29.7262
8.9600,29.7481
8.9700,29.7698
8.9800,29.7914
8.9900,29.8129
9.0000,29.8129
9.0100,29.7914
9.0200,29.7698
9.0300,29.7481
9.0400,29.7262
9.0500,29.7042
9.0600,29.6821
9.0700,29.6599
9.0800,29.6376
9.0900,29.6151
9.1000,29.5925
9.1100,29.5698
9.1200,29.5470
9.1300,29.5240
9.1400,29.5009
9.1500,29.4777
9.1600,29.4543
9.1700,29.4309
9.1800,29.4073
9.1900,29.3836
9.2000,29.3597
9.2100,29.3357
9.2200,29.3116
9.2300,29.2874
9.2400,29.2630
9.2500,29.2385
9.2600,29.2139
9.2700,29.1892
9.2800,29.1643
9.2900,29.1393
9.3000,29.1142
9.3100,29.0889
9.3200,29.0635
9.3300,29.0380
9.3400,29.0124
9.3500,28.9866
9.3600,28.9607
9.3700,28.9346
9.3800,28.9084
9.3900,28.8821
9.4000,28.8557
9.4100,28.8291
9.4200,28.8024
9.4300,28.7756
9.4400,28.7486
9.4500,28.7215
9.4600,28.6943
9.4700,28.6669
9.4800,28.6394
9.4900,28.6117
9.5000,28.5840
9.5100,28.5560
9.5200,28.5280
9.5300,28.4998
9.5400,28.4715
9.5500,28.4430
9.5600,28.4145
9.5700,28.3857
9.5800,28.3569
9.5900,28.3279
9.6000,28.2987
9.6100,28.2694
9.6200,28.2400
9.6300,28.2105
9.6400,28.1808
9.6500,28.1509
9.6600,28.1210
9.6700,28.0908
9.6800,28.0606
9.6900,28.0302
9.7000,27.9997
9.7100,27.9690
9.7200,27.9382
9.7300,27.9072
9.7400,27.8761
9.7500,27.8449
9.7600,27.8135
9.7700,27.7819
9.7800,27.7503
9.7900,27.7184
9.8000,27.6865
9.8100,27.6544
9.8200,27.6221
9.8300,27.5897
9.8400,27.5572
9.8500,27.5245
9.8600,27.4917
9.8700,27.4587
9.8800,27.4256
9.8900,27.3923
9.9000,27.3589
9.9100,27.3253
9.9200,27.2916
9.9300,27.2577
9.9400,27.2237
9.9500,27.1895
9.9600,27.1552
9.9700,27.1207
9.9800,27.0861
9.9900,27.0514
10.0000,27.0164
10.0100,26.9814
10.0200,26.9461
10.0300,26.9108
10.0400,26.8752
10.0500,26.8396
10.0600,26.8037
10.0700,26.7677
10.0800,26.7316
10.0900,26.6953
10.1000,26.6589
10.1100,26.6222
10.1200,26.5855
10.1300,26.5486
10.1400,26.5115
10.1500,26.4743
10.1600,26.4369
10.1700,26.3993
10.1800,26.3616
10.1900,26.3237
10.2000,26.2857
10.2100,26.2475
10.2200,26.2092
10.2300,26.1707
10.2400,26.1320
10.2500,26.0932
10.2600,26.0542
10.2700,26.0151
10.2800,25.9757
10.2900,25.9363
10.3000,25.8966
10.3100,25.8568
10.3200,25.8168
10.3300,25.7767
10.3400,25.7364
10.3500,25.6959
10.3600,25.6553
10.3700,25.6145
10.3800,25.5735
10.3900,25.5324
10.4000,25.4911
10.4100,25.4496
10.4200,25.4080
10.4300,25.3662
10.4400,25.3242
10.4500,25.2820
10.4600,25.2397
10.4700,25.1972
10.4800,25.1545
10.4900,25.1117
10.5000,25.0687
10.5100,25.0255
10.5200,24.9821
10.5300,24.9386
10.5400,24.8949
10.5500,24.8510
10.5600,24.8069
10.5700,24.7626
10.5800,24.7182
10.5900,24.6736
10.6000,24.6288
10.6100,24.5839
10.6200,24.5387
10.6300,24.4934
10.6400,24.4479
10.6500,24.4022
10.6600,24.3563
10.6700,24.3103
10.6800,24.2640
10.6900,24.2176
10.7000,24.1710
10.7100,24.1242
10.7200,24.0772
10.7300,24.0300
10.7400,23.9827
10.7500,23.9351
10.7600,23.8874
10.7700,23.8395
10.7800,23.7913
10.7900,23.7430
10.8000,23.6945
10.8100,23.6458
10.8200,23.5969
10.8300,23.5479
10.8400,23.4986
10.8500,23.4491
10.8600,23.3994
10.8700,23.3496
10.8800,23.2995
10.8900,23.2492
10.9000,23.1988
10.9100,23.1481
10.9200,23.0972
10.9300,23.0462
10.9400,22.9949
10.9500,22.9434
10.9600,22.8917
10.9700,22.8399
10.9800,22.7878
10.9900,22.7355
11.0000,22.6830
11.0100,22.6303
11.0200,22.5773
11.0300,22.5242
11.0400,22.4709
11.0500,22.4173
11.0600,22.3635
11.0700,22.3096
11.0800,22.2554
11.0900,22.2009
11.1000,22.1463
11.1100,22.0915
11.1200,22.0364
11.1300,21.9811
11.1400,21.9256
11.1500,21.8699
11.1600,21.8139
11.1700,21.7577
11.1800,21.7013
11.1900,21.6447
11.2000,21.5879
11.2100,21.5308
11.2200,21.4735
11.2300,21.4159
11.2400,21.3581
11.2500,21.3001
11.2600,21.2419
11.2700,21.1834
11.2800,21.1247
11.2900,21.0658
11.3000,21.0066
11.3100,20.9472
11.3200,20.8875
11.3300,20.8276
11.3400,20.7674
11.3500,20.7071
11.3600,20.6464
11.3700,20.5855
11.3800,20.5244
11.3900,20.4630
11.4000,20.4014
11.4100,20.3395
11.4200,20.2773
11.4300,20.2149
11.4400,20.1523
11.4500,20.0894
11.4600,20.0262
11.4700,19.9628
11.4800,19.8991
11.4900,19.8351
11.5000,19.7709
11.5100,19.7064
11.5200,19.6416
11.5300,19.5766
11.5400,19.5113
11.5500,19.4457
11.5600,19.3799
11.5700,19.3138
11.5800,19.2474
11.5900,19.1807
11.6000,19.1137
11.6100,19.0464
11.6200,18.9789
11.6300,18.9111
11.6400,18.8430
11.6500,18.7746
11.6600,18.7059
11.6700,18.6369
11.6800,18.5676
11.6900,18.4980
11.7000,18.4281
11.7100,18.3579
11.7200,18.2874
11.7300,18.2166
11.7400,18.1455
11.7500,18.0741
11.7600,18.0024
11.7700,17.9303
11.7800,17.8579
11.7900,17.7852
11.8000,17.7122
11.8100,17.6389
11.8200,17.5652
11.8300,17.4912
11.8400,17.4169
11.8500,17.3422
11.8600,17.2672
11.8700,17.1919
11.8800,17.1162
11.8900,17.0402
11.9000,16.9638
11.9100,16.8871
11.9200,16.8100
11.9300,16.7326
11.9400,16.6548
11.9500,16.5766
11.9600,16.4981
11.9700,16.4192
11.9800,16.3399
11.9900,16.2603
12.0000,16.2603
12.0100,16.3306
12.0200,16.4007
12.0300,16.4705
12.0400,16.5400
12.0500,16.6093
12.0600,16.6782
12.0700,16.7469
12.0800,16.8153
12.0900,16.8834
12.1000,16.9512
12.1100,17.0188
12.1200,17.0861
12.1300,17.1532
12.1400,17.2199
12.1500,17.2865
12.1600,17.3527
12.1700,17.4187
12.1800,17.4845
12.1900,17.5499
12.2000,17.6152
12.2100,17.6801
12.2200,17.7449
12.2300,17.8093
12.2400,17.8736
12.2500,17.9375
12.2600,18.0013
12.2700,18.0648
12.2800,18.1280
12.2900,18.1910
12.3000,18.2538
12.3100,18.3164
12.3200,18.3787
12.3300,18.4407
12.3400,18.5026
12.3500,18.5642
12.3600,18.6255
12.3700,18.6867
12.3800,18.7476
12.3900,18.8083
12.4000,18.8688
12.4100,18.9290
12.4200,18.9890
12.4300,19.0488
12.4400,19.1084
12.4500,19.1678
12.4600,19.2269
12.4700,19.2859
12.4800,19.3446
12.4900,19.4031
12.5000,19.4614
12.5100,19.5195
12.5200,19.5773
12.5300,19.6350
12.5400,19.6924
12.5500,19.7497
12.5600,19.8067
12.5700,19.8636
12.5800,19.9202
12.5900,19.9766
12.6000,20.0328
12.6100,20.0889
12.6200,20.1447
12.6300,20.2003
12.6400,20.2558
12.6500,20.3110
12.6600,20.3660
12.6700,20.4209
12.6800,20.4755
12.6900,20.5300
12.7000,20.5842
12.7100,20.6383
12.7200,20.6922
12.7300,20.7459
12.7400,20.7994
12.7500,20.8527
12.7600,20.9058
12.7700,20.9588
12.7800,21.0116
12.7900,21.0641
12.8000,21.1165
12.8100,21.1687
12.8200,21.2208
12.8300,21.2726
12.8400,21.3243
12.8500,21.3758
12.8600,21.4271
12.8700,21.4782
12.8800,21.5292
12.8900,21.5800
12.9000,21.6306
12.9100,21.6810
12.9200,21.7312
12.9300,21.7813
12.9400,21.8312
12.9500,21.8810
12.9600,21.9305
12.9700,21.9799
12.9800,22.0292
12.9900,22.0782
13.0000,22.1271
13.0100,22.1758
13.0200,22.2244
13.0300,22.2728
13.0400,22.3210
13.0500,22.3691
13.0600,22.4169
13.0700,22.4647
13.0800,22.5122
13.0900,22.5596
13.1000,22.6069
13.1100,22.6540
13.1200,22.7009
13.1300,22.7476
13.1400,22.7942
13.1500,22.8407
13.1600,22.8870
13.1700,22.9331
13.1800,22.9790
13.1900,23.0248
13.2000,23.0705
13.2100,23.1160
13.2200,23.1613
13.2300,23.2065
13.2400,23.2516
13.2500,23.2964
13.2600,23.3412
13.2700,23.3857
13.2800,23.4302
13.2900,23.4744
13.3000,23.5185
13.3100,23.5625
13.3200,23.6063
13.3300,23.6500
13.3400,23.6935
13.3500,23.7369
13.3600,23.7801
13.3700,23.8232
13.3800,23.8661
13.3900,23.9089
13.4000,23.9515
13.4100,23.9940
13.4200,24.0364
13.4300,24.0786
13.4400,24.1206
13.4500,24.1625
13.4600,24.2043
13.4700,24.2459
13.4800,24.2874
13.4900,24.3288
13.5000,24.3700
13.5100,24.4110
13.5200,24.4519
13.5300,24.4927
13.5400,24.5334
13.5500,24.5739
13.5600,24.6142
13.5700,24.6544
13.5800,24.6945
13.5900,24.7345
13.6000,24.7743
13.6100,24.8140
13.6200,24.8535
13.6300,24.8929
13.6400,24.9322
13.6500,24.9713
13.6600,25.0103
13.6700,25.0491
13.6800,25.0879
13.6900,25.1264
13.7000,25.1649
13.7100,25.2032
13.7200,25.2414
13.7300,25.2795
13.7400,25.3174
13.7500,25.3552
13.7600,25.3928
13.7700,25.4304
13.7800,25.4678
13.7900,25.5050
13.8000,25.5422
13.8100,25.5792
13.8200,25.6161
13.8300,25.6528
13.8400,25.6895
13.8500,25.7259
13.8600,25.7623
13.8700,25.7986
13.8800,25.8347
13.8900,25.8706
13.9000,25.9065
13.9100,25.9422
13.9200,25.9778
13.9300,26.0133
13.9400,26.0487
13.9500,26.0839
13.9600,26.1190
13.9700,26.1540
13.9800,26.1888
13.9900,26.2236
14.0000,26.2582
14.0100,26.2927
14.0200,26.3270
14.0300,26.3613
14.0400,26.3954
14.0500,26.4294
14.0600,26.4633
14.0700,26.4970
14.0800,26.5306
14.0900,26.5641
14.1000,26.5975
14.1100,26.6308
14.1200,26.6639
14.1300,26.6970
14.1400,26.7299
14.1500,26.7627
14.1600,26.7953
14.1700,26.8279
14.1800,26.8603
14.1900,26.8926
14.2000,26.9248
14.2100,26.9569
14.2200,26.9889
14.2300,27.0207
14.2400,27.0525
14.2500,27.0841
14.2600,27.1156
14.2700,27.1469
14.2800,27.1782
14.2900,27.2093
14.3000,27.2404
14.3100,27.2713
14.3200,27.3021
14.3300,27.3328
14.3400,27.3634
14.3500,27.3938
14.3600,27.4242
14.3700,27.4544
14.3800,27.4845
14.3900,27.5145
14.4000,27.5444
14.4100,27.5742
14.4200,27.6039
14.4300,27.6334
14.4400,27.6628
14.4500,27.6922
14.4600,27.7214
14.4700,27.7505
14.4800,27.7795
14.4900,27.8084
14.5000,27.8372
14.5100,27.8658
14.5200,27.8944
14.5300,27.9228
14.5400,27.9512
14.5500,27.9794
14.5600,28.0075
14.5700,28.0355
14.5800,28.0634
14.5900,28.0912
14.6000,28.1189
14.6100,28.1465
14.6200,28.1739
14.6300,28.2013
14.6400,28.2285
14.6500,28.2557
14.6600,28.2827
14.6700,28.3097
14.6800,28.3365
14.6900,28.3632
14.7000,28.3898
14.7100,28.4163
14.7200,28.4427
14.7300,28.4690
14.7400,28.4952
14.7500,28.5213
14.7600,28.5473
14.7700,28.5731
14.7800,28.5989
14.7900,28.6246
14.8000,28.6501
14.8100,28.6756
14.8200,28.7009
14.8300,28.7262
14.8400,28.7513
14.8500,28.7764
14.8600,28.8013
14.8700,28.8261
14.8800,28.8509
14.8900,28.8755
14.9000,28.9000
14.9100,28.9245
14.9200,28.9488
14.9300,28.9730
14.9400,28.9971
14.9500,29.0211
14.9600,29.0451
14.9700,29.0689
14.9800,29.0926
14.9900,29.1162
15.0000,29.1162
15.0100,29.0926
15.0200,29.0689
15.0300,29.0451
15.0400,29.0211
15.0500,28.9971
15.0600,28.9730
15.0700,28.9488
15.0800,28.9245
15.0900,28.9000
15.1000,28.8755
15.1100,28.8509
15.1200,28.8261
15.1300,28.8013
15.1400,28.7764
15.1500,28.7513
15.1600,28.7262
15.1700,28.7009
15.1800,28.6756
15.1900,28.6501
15.2000,28.6246
15.2100,28.5989
15.2200,28.5731
15.2300,28.5473
15.2400,28.5213
15.2500,28.4952
15.2600,28.4690
15.2700,28.4427
15.2800,28.4163
15.2900,28.3898
15.3000,28.3632
15.3100,28.3365
15.3200,28.3097
15.3300,28.2827
15.3400,28.2557
15.3500,28.2285
15.3600,28.2013
15.3700,28.1739
15.3800,28.1465
15.3900,28.1189
15.4000,28.0912
15.4100,28.0634
15.4200,28.0355
15.4300,28.0075
15.4400,27.9794
15.4500,27.9512
15.4600,27.9228
15.4700,27.8944
15.4800,27.8658
15.4900,27.8372
15.5000,27.8084
15.5100,27.7795
15.5200,27.7505
15.5300,27.7214
15.5400,27.6922
15.5500,27.6628
15.5600,27.6334
15.5700,27.6039
15.5800,27.5742
15.5900,27.5444
15.6000,27.5145
15.6100,27.4845
15.6200,27.4544
15.6300,27.4242
15.6400,27.3938
15.6500,27.3634
15.6600,27.3328
15.6700,27.3021
15.6800,27.2713
15.6900,27.2404
15.7000,27.2093
15.7100,27.1782
15.7200,27.1469
15.7300,27.1156
15.7400,27.0841
15.7500,27.0525
15.7600,27.0207
15.7700,26.9889
15.7800,26.9569
15.7900,26.9248
15.8000,26.8926
15.8100,26.8603
15.8200,26.8279
15.8300,26.7953
15.8400,26.7627
15.8500,26.7299
15.8600,26.6970
15.8700,26.6639
15.8800,26.6308
15.8900,26.5975
15.9000,26.5641
15.9100,26.5306
15.9200,26.4970
15.9300,26.4633
15.9400,26.4294
15.9500,26.3954
15.9600,26.3613
15.9700,26.3270
15.9800,26.2927
15.9900,26.2582
16.0000,26.2236
16.0100,26.1888
16.0200,26.1540
16.0300,26.1190
16.0400,26.0839
16.0500,26.0487
16.0600,26.0133
16.0700,25.9778
16.0800,25.9422
16.0900,25.9065
16.1000,25.8706
16.1100,25.8347
16.1200,25.7986
16.1300,25.7623
16.1400,25.7259
16.1500,25.6895
16.1600,25.6528
16.1700,25.6161
16.1800,25.5792
16.1900,25.5422
16.2000,25.5050
16.2100,25.4678
16.2200,25.4304
16.2300,25.3928
16.2400,25.3552
16.2500,25.3174
16.2600,25.2795
16.2700,25.2414
16.2800,25.2032
16.2900,25.1649
16.3000,25.1264
16.3100,25.0879
16.3200,25.0491
16.3300,25.0103
16.3400,24.9713
16.3500,24.9322
16.3600,24.8929
16.3700,24.8535
16.3800,24.8140
16.3900,24.7743
16.4000,24.7345
16.4100,24.6945
16.4200,24.6544
16.4300,24.6142
16.4400,24.5739
16.4500,24.5334
16.4600,24.4927
16.4700,24.4519
16.4800,24.4110
16.4900,24.3700
16.5000,24.3288
16.5100,24.2874
16.5200,24.2459
16.5300,24.2043
16.5400,24.1625
16.5500,24.1206
16.5600,24.0786
16.5700,24.0364
16.5800,23.9940
16.5900,23.9515
16.6000,23.9089
16.6100,23.8661
16.6200,23.8232
16.6300,23.7801
16.6400,23.7369
16.6500,23.6935
16.6600,23.6500
16.6700,23.6063
16.6800,23.5625
16.6900,23.5185
16.7000,23.4744
16.7100,23.4302
16.7200,23.3857
16.7300,23.3412
16.7400,23.2964
16.7500,23.2516
16.7600,23.2065
16.7700,23.1613
16.7800,23.1160
16.7900,23.0705
16.8000,23.0248
16.8100,22.9790
16.8200,22.9331
16.8300,22.8870
16.8400,22.8407
16.8500,22.7942
16.8600,22.7476
16.8700,22.7009
16.8800,22.6540
16.8900,22.6069
16.9000,22.5596
16.9100,22.5122
16.9200,22.4647
16.9300,22.4169
16.9400,22.3691
16.9500,22.3210
16.9600,22.2728
16.9700,22.2244
16.9800,22.1758
16.9900,22.1271
17.0000,22.0782
17.0100,22.0292
17.0200,21.9799
17.0300,21.9305
17.0400,21.8810
17.0500,21.8312
17.0600,21.7813
17.0700,21.7312
17.0800,21.6810
17.0900,21.6306
17.1000,21.5800
17.1100,21.5292
17.1200,21.4782
17.1300,21.4271
17.1400,21.3758
17.1500,21.3243
17.1600,21.2726
17.1700,21.2208
17.1800,21.1687
17.1900,21.1165
17.2000,21.0641
17.2100,21.0116
17.2200,20.9588
17.2300,20.9058
17.2400,20.8527
17.2500,20.7994
17.2600,20.7459
17.2700,20.6922
17.2800,20.6383
17.2900,20.5842
17.3000,20.5300
17.3100,20.4755
17.3200,20.4209
17.3300,20.3660
17.3400,20.3110
17.3500,20.2558
17.3600,20.2003
17.3700,20.1447
17.3800,20.0889
17.3900,20.0328
17.4000,19.9766
17.4100,19.9202
17.4200,19.8636
17.4300,19.8067
17.4400,19.7497
17.4500,19.6924
17.4600,19.6350
17.4700,19.5773
17.4800,19.5195
17.4900,19.4614
17.5000,19.4031
17.5100,19.3446
17.5200,19.2859
17.5300,19.2269
17.5400,19.1678
17.5500,19.1084
17.5600,19.0488
17.5700,18.9890
17.5800,18.9290
17.5900,18.8688
17.6000,18.8083
17.6100,18.7476
17.6200,18.6867
17.6300,18.6255
17.6400,18.5642
17.6500,18.5026
17.6600,18.4407
17.6700,18.3787
17.6800,18.3164
17.6900,18.2538
17.7000,18.1910
17.7100,18.1280
17.7200,18.0648
17.7300,18.0013
17.7400,17.9375
17.7500,17.8736
17.7600,17.8093
17.7700,17.7449
17.7800,17.6801
17.7900,17.6152
17.8000,17.5499
17.8100,17.4845
17.8200,17.4187
17.8300,17.3527
17.8400,17.2865
17.8500,17.2199
17.8600,17.1532
17.8700,17.0861
17.8800,17.0188
17.8900,16.9512
17.9000,16.8834
17.9100,16.8153
17.9200,16.7469
17.9300,16.6782
17.9400,16.6093
17.9500,16.5400
17.9600,16.4705
17.9700,16.4007
17.9800,16.3306
17.9900,16.2603
18.0000,16.2603
18.0100,16.3399
18.0200,16.4192
18.0300,16.4981
18.0400,16.5766
18.0500,16.6548
18.0600,16.7326
18.0700,16.8100
18.0800,16.8871
18.0900,16.9638
18.1000,17.0402
18.1100,17.1162
18.1200,17.1919
18.1300,17.2672
18.1400,17.3422
18.1500,17.4169
18.1600,17.4912
18.1700,17.5652
18.1800,17.6389
18.1900,17.7122
18.2000,17.7852
18.2100,17.8579
18.2200,17.9303
18.2300,18.0024
18.2400,18.0741
18.2500,18.1455
18.2600,18.2166
18.2700,18.2874
18.2800,18.3579
18.2900,18.4281
18.3000,18.4980
18.3100,18.5676
18.3200,18.6369
18.3300,18.7059
18.3400,18.7746
18.3500,18.8430
18.3600,18.9111
18.3700,18.9789
18.3800,19.0464
18.3900,19.1137
18.4000,19.1807
18.4100,19.2474
18.4200,19.3138
18.4300,19.3799
18.4400,19.4457
18.4500,19.5113
18.4600,19.5766
18.4700,19.6416
18.4800,19.7064
18.4900,19.7709
18.5000,19.8351
18.5100,19.8991
18.5200,19.9628
18.5300,20.0262
18.5400,20.0894
18.5500,20.1523
18.5600,20.2149
18.5700,20.2773
18.5800,20.3395
18.5900,20.4014
18.6000,20.4630
18.6100,20.5244
18.6200,20.5855
18.6300,20.6464
18.6400,20.7071
18.6500,20.7674
18.6600,20.8276
18.6700,20.8875
18.6800,20.9472
18.6900,21.0066
18.7000,21.0658
18.7100,21.1247
18.7200,21.1834
18.7300,21.2419
18.7400,21.3001
18.7500,21.3581
18.7600,21.4159
18.7700,21.4735
18.7800,21.5308
18.7900,21.5879
18.8000,21.6447
18.8100,21.7013
18.8200,21.7577
18.8300,21.8139
18.8400,21.8699
18.8500,21.9256
18.8600,21.9811
18.8700,22.0364
18.8800,22.0915
18.8900,22.1463
18.9000,22.2009
18.9100,22.2554
18.9200,22.3096
18.9300,22.3635
18.9400,22.4173
18.9500,22.4709
18.9600,22.5242
18.9700,22.5773
18.9800,22.6303
18.9900,22.6830
19.0000,22.7355
19.0100,22.7878
19.0200,22.8399
19.0300,22.8917
19.0400,22.9434
19.0500,22.9949
19.0600,23.0462
19.0700,23.0972
19.0800,23.1481
19.0900,23.1988
19.1000,23.2492
19.1100,23.2995
19.1200,23.3496
19.1300,23.3994
19.1400,23.4491
19.1500,23.4986
19.1600,23.5479
19.1700,23.5969
19.1800,23.6458
19.1900,23.6945
19.2000,23.7430
19.2100,23.7913
19.2200,23.8395
19.2300,23.8874
19.2400,23.9351
19.2500,23.9827
19.2600,24.0300
19.2700,24.0772
19.2800,24.1242
19.2900,24.1710
19.3000,24.2176
19.3100,24.2640
19.3200,24.3103
19.3300,24.3563
19.3400,24.4022
19.3500,24.4479
19.3600,24.4934
19.3700,24.5387
19.3800,24.5839
19.3900,24.6288
19.4000,24.6736
19.4100,24.7182
19.4200,24.7626
19.4300,24.8069
19.4400,24.8510
19.4500,24.8949
19.4600,24.9386
19.4700,24.9821
19.4800,25.0255
19.4900,25.0687
19.5000,25.1117
19.5100,25.1545
19.5200,25.1972
19.5300,25.2397
19.5400,25.2820
19.5500,25.3242
19.5600,25.3662
19.5700,25.4080
19.5800,25.4496
19.5900,25.4911
19.6000,25.5324
19.6100,25.5735
19.6200,25.6145
19.6300,25.6553
19.6400,25.6959
19.6500,25.7364
19.6600,25.7767
19.6700,25.8168
19.6800,25.8568
19.6900,25.8966
19.7000,25.9363
19.7100,25.9757
19.7200,26.0151
19.7300,26.0542
19.7400,26.0932
19.7500,26.1320
19.7600,26.1707
19.7700,26.2092
19.7800,26.2475
19.7900,26.2857
19.8000,26.3237
19.8100,26.3616
19.8200,26.3993
19.8300,26.4369
19.8400,26.4743
19.8500,26.5115
19.8600,26.5486
19.8700,26.5855
19.8800,26.6222
19.8900,26.6589
19.9000,26.6953
19.9100,26.7316
19.9200,26.7677
19.9300,26.8037
19.9400,26.8396
19.9500,26.8752
19.9600,26.9108
19.9700,26.9461
19.9800,26.9814
19.9900,27.0164
20.0000,27.0514
20.0100,27.0861
20.0200,27.1207
20.0300,27.1552
20.0400,27.1895
20.0500,27.2237
20.0600,27.2577
20.0700,27.2916
20.0800,27.3253
20.0900,27.3589
20.1000,27.3923
20.1100,27.4256
20.1200,27.4587
20.1300,27.4917
20.1400,27.5245
20.1500,27.5572
20.1600,27.5897
20.1700,27.6221
20.1800,27.6544
20.1900,27.6865
20.2000,27.7184
20.2100,27.7503
20.2200,27.7819
20.2300,27.8135
20.2400,27.8449
20.2500,27.8761
20.2600,27.9072
20.2700,27.9382
20.2800,27.9690
20.2900,27.9997
20.3000,28.0302
20.3100,28.0606
20.3200,28.0908
20.3300,28.1210
20.3400,28.1509
20.3500,28.1808
20.3600,28.2105
20.3700,28.2400
20.3800,28.2694
20.3900,28.2987
20.4000,28.3279
20.4100,28.3569
20.4200,28.3857
20.4300,28.4145
20.4400,28.4430
20.4500,28.4715
20.4600,28.4998
20.4700,28.5280
20.4800,28.5560
20.4900,28.5840
20.5000,28.6117
20.5100,28.6394
20.5200,28.6669
20.5300,28.6943
20.5400,28.7215
20.5500,28.7486
20.5600,28.7756
20.5700,28.8024
20.5800,28.8291
20.5900,28.8557
20.6000,28.8821
20.6100,28.9084
20.6200,28.9346
20.6300,28.9607
20.6400,28.9866
20.6500,29.0124
20.6600,29.0380
20.6700,29.0635
20.6800,29.0889
20.6900,29.1142
20.7000,29.1393
20.7100,29.1643
20.7200,29.1892
20.7300,29.2139
20.7400,29.2385
20.7500,29.2630
20.7600,29.2874
20.7700,29.3116
20.7800,29.3357
20.7900,29.3597
20.8000,29.3836
20.8100,29.4073
20.8200,29.4309
20.8300,29.4543
20.8400,29.4777
20.8500,29.5009
20.8600,29.5240
20.8700,29.5470
20.8800,29.5698
20.8900,29.5925
20.9000,29.6151
20.9100,29.6376
20.9200,29.6599
20.9300,29.6821
20.9400,29.7042
20.9500,29.7262
20.9600,29.7481
20.9700,29.7698
20.9800,29.7914
20.9900,29.8129
21.0000,29.8129
21.0100,29.7914
21.0200,29.7698
21.0300,29.7481
21.0400,29.7262
21.0500,29.7042
21.0600,29.6821
21.0700,29.6599
21.0800,29.6376
21.0900,29.6151
21.1000,29.5925
21.1100,29.5698
21.1200,29.5470
21.1300,29.5240
21.1400,29.5009
21.1500,29.4777
21.1600,29.4543
21.1700,29.4309
21.1800,29.4073
21.1900,29.3836
21.2000,29.3597
21.2100,29.3357
21.2200,29.3116
21.2300,29.2874
21.2400,29.2630
21.2500,29.2385
21.2600,29.2139
21.2700,29.1892
21.2800,29.1643
21.2900,29.1393
21.3000,29.1142
21.3100,29.0889
21.3200,29.0635
21.3300,29.0380
21.3400,29.0124
21.3500,28.9866
21.3600,28.9607
21.3700,28.9346
21.3800,28.9084
21.3900,28.8821
21.4000,28.8557
21.4100,28.8291
21.4200,28.8024
21.4300,28.7756
21.4400,28.7486
21.4500,28.7215
21.4600,28.6943
21.4700,28.6669
21.4800,28.6394
21.4900,28.6117
21.5000,28.5840
21.5100,28.5560
21.5200,28.5280
21.5300,28.4998
21.5400,28.4715
21.5500,28.4430
21.5600,28.4145
21.5700,28.3857
21.5800,28.3569
21.5900,28.3279
21.6000,28.2987
21.6100,28.2694
21.6200,28.2400
21.6300,28.2105
21.6400,28.1808
21.6500,28.1509
21.6600,28.1210
21.6700,28.0908
21.6800,28.0606
21.6900,28.0302
21.7000,27.9997
21.7100,27.9690
21.7200,27.9382
21.7300,27.9072
21.7400,27.8761
21.7500,27.8449
21.7600,27.8135
21.7700,27.7819
21.7800,27.7503
21.7900,27.7184
21.8000,27.6865
21.8100,27.6544
21.8200,27.6221
21.8300,27.5897
21.8400,27.5572
21.8500,27.5245
21.8600,27.4917
21.8700,27.4587
21.8800,27.4256
21.8900,27.3923
21.9000,27.3589
21.9100,27.3253
21.9200,27.2916
21.9300,27.2577
21.9400,27.2237
21.9500,27.1895
21.9600,27.1552
21.9700,27.1207
21.9800,27.0861
21.9900,27.0514
22.0000,27.0164
22.0100,26.9814
22.0200,26.9461
22.0300,26.9108
22.0400,26.8752
22.0500,26.8396
22.0600,26.8037
22.0700,26.7677
22.0800,26.7316
22.0900,26.6953
22.1000,26.6589
22.1100,26.6222
22.1200,26.5855
22.1300,26.5486
22.1400,26.5115
22.1500,26.4743
22.1600,26.4369
22.1700,26.3993
22.1800,26.3616
22.1900,26.3237
22.2000,26.2857
22.2100,26.2475
22.2200,26.2092
22.2300,26.1707
22.2400,26.1320
22.2500,26.0932
22.2600,26.0542
22.2700,26.0151
22.2800,25.9757
22.2900,25.9363
22.3000,25.8966
22.3100,25.8568
22.3200,25.8168
22.3300,25.7767
22.3400,25.7364
22.3500,25.6959
22.3600,25.6553
22.3700,25.6145
22.3800,25.5735
22.3900,25.5324
22.4000,25.4911
22.4100,25.4496
22.4200,25.4080
22.4300,25.3662
22.4400,25.3242
22.4500,25.2820
22.4600,25.2397
22.4700,25.1972
22.4800,25.1545
22.4900,25.1117
22.5000,25.0687
22.5100,25.0255
22.5200,24.9821
22.5300,24.9386
22.5400,24.8949
22.5500,24.8510
22.5600,24.8069
22.5700,24.7626
22.5800,24.7182
22.5900,24.6736
22.6000,24.6288
22.6100,24.5839
22.6200,24.5387
22.6300,24.4934
22.6400,24.4479
22.6500,24.4022
22.6600,24.3563
22.6700,24.3103
22.6800,24.2640
22.6900,24.2176
22.7000,24.1710
22.7100,24.1242
22.7200,24.0772
22.7300,24.0300
22.7400,23.9827
22.7500,23.9351
22.7600,23.8874
22.7700,23.8395
22.7800,23.7913
22.7900,23.7430
22.8000,23.6945
22.8100,23.6458
22.8200,23.5969
22.8300,23.5479
22.8400,23.4986
22.8500,23.4491
22.8600,23.3994
22.8700,23.3496
22.8800,23.2995
22.8900,23.2492
22.9000,23.1988
22.9100,23.1481
22.9200,23.0972
22.9300,23.0462
22.9400,22.9949
22.9500,22.9434
22.9600,22.8917
22.9700,22.8399
22.9800,22.7878
22.9900,22.7355
23.0000,22.6830
23.0100,22.6303
23.0200,22.5773
23.0300,22.5242
23.0400,22.4709
23.0500,22.4173
23.0600,22.3635
23.0700,22.3096
23.0800,22.2554
23.0900,22.2009
23.1000,22.1463
23.1100,22.0915
23.1200,22.0364
23.1300,21.9811
23.1400,21.9256
23.1500,21.8699
23.1600,21.8139
23.1700,21.7577
23.1800,21.7013
23.1900,21.6447
23.2000,21.5879
23.2100,21.5308
23.2200,21.4735
23.2300,21.4159
23.2400,21.3581
23.2500,21.3001
23.2600,21.2419
23.2700,21.1834
23.2800,21.1247
23.2900,21.0658
23.3000,21.0066
23.3100,20.9472
23.3200,20.8875
23.3300,20.8276
23.3400,20.7674
23.3500,20.7071
23.3600,20.6464
23.3700,20.5855
23.3800,20.5244
23.3900,20.4630
23.4000,20.4014
23.4100,20.3395
23.4200,20.2773
23.4300,20.2149
23.4400,20.1523
23.4500,20.0894
23.4600,20.0262
23.4700,19.9628
23.4800,19.8991
23.4900,19.8351
23.5000,19.7709
23.5100,19.7064
23.5200,19.6416
23.5300,19.5766
23.5400,19.5113
23.5500,19.4457
23.5600,19.3799
23.5700,19.3138
23.5800,19.2474
23.5900,19.1807
23.6000,19.1137
23.6100,19.0464
23.6200,18.9789
23.6300,18.9111
23.6400,18.8430
23.6500,18.7746
23.6600,18.7059
23.6700,18.6369
23.6800,18.5676
23.6900,18.4980
23.7000,18.4281
23.7100,18.3579
23.7200,18.2874
23.7300,18.2166
23.7400,18.1455
23.7500,18.0741
23.7600,18.0024
23.7700,17.9303
23.7800,17.8579
23.7900,17.7852
23.8000,17.7122
23.8100,17.6389
23.8200,17.5652
23.8300,17.4912
23.8400,17.4169
23.8500,17.3422
23.8600,17.2672
23.8700,17.1919
23.8800,17.1162
23.8900,17.0402
23.9000,16.9638
23.9100,16.8871
23.9200,16.8100
23.9300,16.7326
23.9400,16.6548
23.9500,16.5766
23.9600,16.4981
23.9700,16.4192
23.9800,16.3399
23.9900,16.2603
24.0000,16.2603
24.0100,16.3306
24.0200,16.4007
24.0300,16.4705
24.0400,16.5400
24.0500,16.6093
24.0600,16.6782
24.0700,16.7469
24.0800,16.8153
24.0900,16.8834
24.1000,16.9512
24.1100,17.0188
24.1200,17.0861
24.1300,17.1532
24.1400,17.2199
24.1500,17.2865
24.1600,17.3527
24.1700,17.4187
24.1800,17.4845
24.1900,17.5499
24.2000,17.6152
24.2100,17.6801
24.2200,17.7449
24.2300,17.8093
24.2400,17.8736
24.2500,17.9375
24.2600,18.0013
24.2700,18.0648
24.2800,18.1280
24.2900,18.1910
24.3000,18.2538
24.3100,18.3164
24.3200,18.3787
24.3300,18.4407
24.3400,18.5026
24.3500,18.5642
24.3600,18.6255
24.3700,18.6867
24.3800,18.7476
24.3900,18.8083
24.4000,18.8688
24.4100,18.9290
24.4200,18.9890
24.4300,19.0488
24.4400,19.1084
24.4500,19.1678
24.4600,19.2269
24.4700,19.2859
24.4800,19.3446
24.4900,19.4031
24.5000,19.4614
24.5100,19.5195
24.5200,19.5773
24.5300,19.6350
24.5400,19.6924
24.5500,19.7497
24.5600,19.8067
24.5700,19.8636
24.5800,19.9202
24.5900,19.9766
24.6000,20.0328
24.6100,20.0889
24.6200,20.1447
24.6300,20.2003
24.6400,20.2558
24.6500,20.3110
24.6600,20.3660
24.6700,20.4209
24.6800,20.4755
24.6900,20.5300
24.7000,20.5842
24.7100,20.6383
24.7200,20.6922
24.7300,20.7459
24.7400,20.7994
24.7500,20.8527
24.7600,20.9058
24.7700,20.9588
24.7800,21.0116
24.7900,21.0641
24.8000,21.1165
24.8100,21.1687
24.8200,21.2208
24.8300,21.2726
24.8400,21.3243
24.8500,21.3758
24.8600,21.4271
24.8700,21.4782
24.8800,21.5292
24.8900,21.5800
24.9000,21.6306
24.9100,21.6810
24.9200,21.7312
24.9300,21.7813
24.9400,21.8312
24.9500,21.8810
24.9600,21.9305
24.9700,21.9799
24.9800,22.0292
24.9900,22.0782
25.0000,22.1271
25.0100,22.1758
25.0200,22.2244
25.0300,22.2728
25.0400,22.3210
25.0500,22.3691
25.0600,22.4169
25.0700,22.4647
25.0800,22.5122
25.0900,22.5596
25.1000,22.6069
25.1100,22.6540
25.1200,22.7009
25.1300,22.7476
25.1400,22.7942
25.1500,22.8407
25.1600,22.8870
25.1700,22.9331
25.1800,22.9790
25.1900,23.0248
25.2000,23.0705
25.2100,23.1160
25.2200,23.1613
25.2300,23.2065
25.2400,23.2516
25.2500,23.2964
25.2600,23.3412
25.2700,23.3857
25.2800,23.4302
25.2900,23.4744
25.3000,23.5185
25.3100,23.5625
25.3200,23.6063
25.3300,23.6500
25.3400,23.6935
25.3500,23.7369
25.3600,23.7801
25.3700,23.8232
25.3800,23.8661
25.3900,23.9089
25.4000,23.9515
25.4100,23.9940
25.4200,24.0364
25.4300,24.0786
25.4400,24.1206
25.4500,24.1625
25.4600,24.2043
25.4700,24.2459
25.4800,24.2874
25.4900,24.3288
25.5000,24.3700
25.5100,24.4110
25.5200,24.4519
25.5300,24.4927
25.5400,24.5334
25.5500,24.5739
25.5600,24.6142
25.5700,24.6544
25.5800,24.6945
25.5900,24.7345
25.6000,24.7743
25.6100,24.8140
25.6200,24.8535
25.6300,24.8929
25.6400,24.9322
25.6500,24.9713
25.6600,25.0103
25.6700,25.0491
25.6800,25.0879
25.6900,25.1264
25.7000,25.1649
25.7100,25.2032
25.7200,25.2414
25.7300,25.2795
25.7400,25.3174
25.7500,25.3552
25.7600,25.3928
25.7700,25.4304
25.7800,25.4678
25.7900,25.5050
25.8000,25.5422
25.8100,25.5792
25.8200,25.6161
25.8300,25.6528
25.8400,25.6895
25.8500,25.7259
25.8600,25.7623
25.8700,25.7986
25.8800,25.8347
25.8900,25.8706
25.9000,25.9065
25.9100,25.9422
25.9200,25.9778
25.9300,26.0133
25.9400,26.0487
25.9500,26.0839
25.9600,26.1190
25.9700,26.1540
25.9800,26.1888
25.9900,26.2236
26.0000,26.2582
26.0100,26.2927
26.0200,26.3270
26.0300,26.3613
26.0400,26.3954
26.0500,26.4294
26.0600,26.4633
26.0700,26.4970
26.0800,26.5306
26.0900,26.5641
26.1000,26.5975
26.1100,26.6308
26.1200,26.6639
26.1300,26.6970
26.1400,26.7299
26.1500,26.7627
26.1600,26.7953
26.1700,26.8279
26.1800,26.8603
26.1900,26.8926
26.2000,26.9248
26.2100,26.9569
26.2200,26.9889
26.2300,27.0207
26.2400,27.0525
26.2500,27.0841
26.2600,27.1156
26.2700,27.1469
26.2800,27.1782
26.2900,27.2093
26.3000,27.2404
26.3100,27.2713
26.3200,27.3021
26.3300,27.3328
26.3400,27.3634
26.3500,27.3938
26.3600,27.4242
26.3700,27.4544
26.3800,27.4845
26.3900,27.5145
26.4000,27.5444
26.4100,27.5742
26.4200,27.6039
26.4300,27.6334
26.4400,27.6628
26.4500,27.6922
26.4600,27.7214
26.4700,27.7505
26.4800,27.7795
26.4900,27.8084
26.5000,27.8372
26.5100,27.8658
26.5200,27.8944
26.5300,27.9228
26.5400,27.9512
26.5500,27.9794
26.5600,28.0075
26.5700,28.0355
26.5800,28.0634
26.5900,28.0912
26.6000,28.1189
26.6100,28.1465
26.6200,28.1739
26.6300,28.2013
26.6400,28.2285
26.6500,28.2557
26.6600,28.2827
26.6700,28.3097
26.6800,28.3365
26.6900,28.3632
26.7000,28.3898
26.7100,28.4163
26.7200,28.4427
26.7300,28.4690
26.7400,28.4952
26.7500,28.5213
26.7600,28.5473
26.7700,28.5731
26.7800,28.5989
26.7900,28.6246
26.8000,28.6501
26.8100,28.6756
26.8200,28.7009
26.8300,28.7262
26.8400,28.7513
26.8500,28.7764
26.8600,28.8013
26.8700,28.8261
26.8800,28.8509
26.8900,28.8755
26.9000,28.9000
26.9100,28.9245
26.9200,28.9488
26.9300,28.9730
26.9400,28.9971
26.9500,29.0211
26.9600,29.0451
26.9700,29.0689
26.9800,29.0926
26.9900,29.1162
