0.0000,-62.8463
0.0100,-63.0836
0.0200,-63.3196
0.0300,-63.5541
0.0400,-63.7873
0.0500,-64.0191
0.0600,-64.2496
0.0700,-64.4787
0.0800,-64.7065
0.0900,-64.9330
0.1000,-65.1581
0.1100,-65.3820
0.1200,-65.6046
0.1300,-65.8259
0.1400,-66.0459
0.1500,-66.2647
0.1600,-66.4822
0.1700,-66.6985
0.1800,-66.9135
0.1900,-67.1274
0.2000,-67.3400
0.2100,-67.5514
0.2200,-67.7616
0.2300,-67.9707
0.2400,-68.1785
0.2500,-68.3852
0.2600,-68.5908
0.2700,-68.7951
0.2800,-68.9984
0.2900,-69.2004
0.3000,-69.4014
0.3100,-69.6012
0.3200,-69.7999
0.3300,-69.9975
0.3400,-70.1940
0.3500,-70.3894
0.3600,-70.5837
0.3700,-70.7769
0.3800,-70.9690
0.3900,-71.1600
0.4000,-71.3500
0.4100,-71.5389
0.4200,-71.7268
0.4300,-71.9136
0.4400,-72.0993
0.4500,-72.2840
0.4600,-72.4677
0.4700,-72.6504
0.4800,-72.8320
0.4900,-73.0126
0.5000,-73.1921
0.5100,-73.3707
0.5200,-73.5482
0.5300,-73.7248
0.5400,-73.9003
0.5500,-74.0749
0.5600,-74.2484
0.5700,-74.4210
0.5800,-74.5926
0.5900,-74.7632
0.6000,-74.9329
0.6100,-75.1015
0.6200,-75.2692
0.6300,-75.4360
0.6400,-75.6017
0.6500,-75.7665
0.6600,-75.9304
0.6700,-76.0933
0.6800,-76.2553
0.6900,-76.4163
0.7000,-76.5764
0.7100,-76.7355
0.7200,-76.8938
0.7300,-77.0510
0.7400,-77.2074
0.7500,-77.3628
0.7600,-77.5173
0.7700,-77.6709
0.7800,-77.8236
0.7900,-77.9754
0.8000,-78.1262
0.8100,-78.2761
0.8200,-78.4252
0.8300,-78.5733
0.8400,-78.7205
0.8500,-78.8669
0.8600,-79.0123
0.8700,-79.1568
0.8800,-79.3005
0.8900,-79.4432
0.9000,-79.5851
0.9100,-79.7261
0.9200,-79.8662
0.9300,-80.0054
0.9400,-80.1437
0.9500,-80.2812
0.9600,-80.4178
0.9700,-80.5535
0.9800,-80.6883
0.9900,-80.8223
1.0000,-80.9554
1.0100,-81.0876
1.0200,-81.2190
1.0300,-81.3495
1.0400,-81.4791
1.0500,-81.6079
1.0600,-81.7358
1.0700,-81.8629
1.0800,-81.9891
1.0900,-82.1144
1.1000,-82.2389
1.1100,-82.3626
1.1200,-82.4854
1.1300,-82.6073
1.1400,-82.7284
1.1500,-82.8487
1.1600,-82.9681
1.1700,-83.0866
1.1800,-83.2043
1.1900,-83.3212
1.2000,-83.4372
1.2100,-83.5524
1.2200,-83.6668
1.2300,-83.7803
1.2400,-83.8930
1.2500,-84.0048
1.2600,-84.1158
1.2700,-84.2260
1.2800,-84.3353
1.2900,-84.4438
1.3000,-84.5515
1.3100,-84.6583
1.3200,-84.7644
1.3300,-84.8695
1.3400,-84.9739
1.3500,-85.0774
1.3600,-85.1801
1.3700,-85.2820
1.3800,-85.3830
1.3900,-85.4833
1.4000,-85.5827
1.4100,-85.6812
1.4200,-85.7790
1.4300,-85.8759
1.4400,-85.9720
1.4500,-86.0673
1.4600,-86.1618
1.4700,-86.2554
1.4800,-86.3483
1.4900,-86.4403
1.5000,-86.5315
1.5100,-86.6218
1.5200,-86.7114
1.5300,-86.8001
1.5400,-86.8880
1.5500,-86.9751
1.5600,-87.0614
1.5700,-87.1469
1.5800,-87.2315
1.5900,-87.3154
1.6000,-87.3984
1.6100,-87.4806
1.6200,-87.5620
1.6300,-87.6426
1.6400,-87.7224
1.6500,-87.8013
1.6600,-87.8795
1.6700,-87.9568
1.6800,-88.0333
1.6900,-88.1090
1.7000,-88.1839
1.7100,-88.2580
1.7200,-88.3313
1.7300,-88.4037
1.7400,-88.4754
1.7500,-88.5462
1.7600,-88.6163
1.7700,-88.6855
1.7800,-88.7539
1.7900,-88.8215
1.8000,-88.8883
1.8100,-88.9543
1.8200,-89.0194
1.8300,-89.0838
1.8400,-89.1473
1.8500,-89.2101
1.8600,-89.2720
1.8700,-89.3331
1.8800,-89.3935
1.8900,-89.4530
1.9000,-89.5117
1.9100,-89.5696
1.9200,-89.6266
1.9300,-89.6829
1.9400,-89.7384
1.9500,-89.7930
1.9600,-89.8469
1.9700,-89.8999
1.9800,-89.9522
1.9900,-90.0036
2.0000,-90.0542
2.0100,-90.1040
2.0200,-90.1530
2.0300,-90.2012
2.0400,-90.2486
2.0500,-90.2952
2.0600,-90.3409
2.0700,-90.3859
2.0800,-90.4300
2.0900,-90.4734
2.1000,-90.5159
2.1100,-90.5577
2.1200,-90.5986
2.1300,-90.6387
2.1400,-90.6780
2.1500,-90.7165
2.1600,-90.7542
2.1700,-90.7911
2.1800,-90.8271
2.1900,-90.8624
2.2000,-90.8969
2.2100,-90.9305
2.2200,-90.9634
2.2300,-90.9954
2.2400,-91.0266
2.2500,-91.0570
2.2600,-91.0867
2.2700,-91.1155
2.2800,-91.1435
2.2900,-91.1707
2.3000,-91.1970
2.3100,-91.2226
2.3200,-91.2474
2.3300,-91.2713
2.3400,-91.2945
2.3500,-91.3168
2.3600,-91.3384
2.3700,-91.3591
2.3800,-91.3790
2.3900,-91.3981
2.4000,-91.4164
2.4100,-91.4339
2.4200,-91.4506
2.4300,-91.4665
2.4400,-91.4815
2.4500,-91.4958
2.4600,-91.5092
2.4700,-91.5219
2.4800,-91.5337
2.4900,-91.5447
2.5000,-91.5550
2.5100,-91.5644
2.5200,-91.5730
2.5300,-91.5808
2.5400,-91.5878
2.5500,-91.5939
2.5600,-91.5993
2.5700,-91.6039
2.5800,-91.6076
2.5900,-91.6106
2.6000,-91.6127
2.6100,-91.6140
2.6200,-91.6145
2.6300,-91.6142
2.6400,-91.6131
2.6500,-91.6112
2.6600,-91.6085
2.6700,-91.6050
2.6800,-91.6007
2.6900,-91.5955
2.7000,-91.5896
2.7100,-91.5828
2.7200,-91.5753
2.7300,-91.5669
2.7400,-91.5577
2.7500,-91.5477
2.7600,-91.5369
2.7700,-91.5253
2.7800,-91.5129
2.7900,-91.4997
2.8000,-91.4857
2.8100,-91.4708
2.8200,-91.4552
2.8300,-91.4387
2.8400,-91.4215
2.8500,-91.4034
2.8600,-91.3845
2.8700,-91.3648
2.8800,-91.3443
2.8900,-91.3230
2.9000,-91.3009
2.9100,-91.2780
2.9200,-91.2543
2.9300,-91.2297
2.9400,-91.2044
2.9500,-91.1782
2.9600,-91.1513
2.9700,-91.1235
2.9800,-91.0949
2.9900,-91.0655
3.0000,-91.0655
3.0100,-90.9965
3.0200,-90.9272
3.0300,-90.8577
3.0400,-90.7880
3.0500,-90.7180
3.0600,-90.6478
3.0700,-90.5774
3.0800,-90.5067
3.0900,-90.4357
3.1000,-90.3646
3.1100,-90.2932
3.1200,-90.2215
3.1300,-90.1497
3.1400,-90.0775
3.1500,-90.0052
3.1600,-89.9326
3.1700,-89.8598
3.1800,-89.7867
3.1900,-89.7134
3.2000,-89.6399
3.2100,-89.5661
3.2200,-89.4921
3.2300,-89.4178
3.2400,-89.3433
3.2500,-89.2686
3.2600,-89.1936
3.2700,-89.1184
3.2800,-89.0429
3.2900,-88.9672
3.3000,-88.8913
3.3100,-88.8151
3.3200,-88.7387
3.3300,-88.6620
3.3400,-88.5851
3.3500,-88.5080
3.3600,-88.4306
3.3700,-88.3530
3.3800,-88.2751
3.3900,-88.1970
3.4000,-88.1187
3.4100,-88.0401
3.4200,-87.9613
3.4300,-87.8822
3.4400,-87.8029
3.4500,-87.7233
3.4600,-87.6435
3.4700,-87.5635
3.4800,-87.4832
3.4900,-87.4027
3.5000,-87.3219
3.5100,-87.2409
3.5200,-87.1596
3.5300,-87.0781
3.5400,-86.9964
3.5500,-86.9144
3.5600,-86.8322
3.5700,-86.7497
3.5800,-86.6670
3.5900,-86.5840
3.6000,-86.5008
3.6100,-86.4173
3.6200,-86.3336
3.6300,-86.2496
3.6400,-86.1654
3.6500,-86.0810
3.6600,-85.9963
3.6700,-85.9114
3.6800,-85.8262
3.6900,-85.7407
3.7000,-85.6550
3.7100,-85.5691
3.7200,-85.4829
3.7300,-85.3965
3.7400,-85.3098
3.7500,-85.2229
3.7600,-85.1357
3.7700,-85.0482
3.7800,-84.9606
3.7900,-84.8726
3.8000,-84.7844
3.8100,-84.6960
3.8200,-84.6073
3.8300,-84.5184
3.8400,-84.4292
3.8500,-84.3397
3.8600,-84.2500
3.8700,-84.1601
3.8800,-84.0699
3.8900,-83.9794
3.9000,-83.8887
3.9100,-83.7977
3.9200,-83.7065
3.9300,-83.6150
3.9400,-83.5233
3.9500,-83.4313
3.9600,-83.3390
3.9700,-83.2465
3.9800,-83.1538
3.9900,-83.0607
4.0000,-82.9675
4.0100,-82.8739
4.0200,-82.7801
4.0300,-82.6861
4.0400,-82.5918
4.0500,-82.4972
4.0600,-82.4023
4.0700,-82.3072
4.0800,-82.2119
4.0900,-82.1162
4.1000,-82.0204
4.1100,-81.9242
4.1200,-81.8278
4.1300,-81.7311
4.1400,-81.6342
4.1500,-81.5370
4.1600,-81.4395
4.1700,-81.3418
4.1800,-81.2438
4.1900,-81.1455
4.2000,-81.0470
4.2100,-80.9482
4.2200,-80.8491
4.2300,-80.7497
4.2400,-80.6501
4.2500,-80.5502
4.2600,-80.4501
4.2700,-80.3497
4.2800,-80.2490
4.2900,-80.1480
4.3000,-80.0468
4.3100,-79.9453
4.3200,-79.8435
4.3300,-79.7414
4.3400,-79.6391
4.3500,-79.5365
4.3600,-79.4336
4.3700,-79.3304
4.3800,-79.2270
4.3900,-79.1233
4.4000,-79.0193
4.4100,-78.9150
4.4200,-78.8104
4.4300,-78.7056
4.4400,-78.6005
4.4500,-78.4951
4.4600,-78.3894
4.4700,-78.2834
4.4800,-78.1772
4.4900,-78.0706
4.5000,-77.9638
4.5100,-77.8567
4.5200,-77.7493
4.5300,-77.6416
4.5400,-77.5337
4.5500,-77.4254
4.5600,-77.3169
4.5700,-77.2080
4.5800,-77.0989
4.5900,-76.9895
4.6000,-76.8798
4.6100,-76.7698
4.6200,-76.6595
4.6300,-76.5489
4.6400,-76.4380
4.6500,-76.3268
4.6600,-76.2153
4.6700,-76.1035
4.6800,-75.9914
4.6900,-75.8790
4.7000,-75.7664
4.7100,-75.6534
4.7200,-75.5401
4.7300,-75.4265
4.7400,-75.3126
4.7500,-75.1984
4.7600,-75.0839
4.7700,-74.9691
4.7800,-74.8539
4.7900,-74.7385
4.8000,-74.6227
4.8100,-74.5067
4.8200,-74.3903
4.8300,-74.2736
4.8400,-74.1566
4.8500,-74.0393
4.8600,-73.9217
4.8700,-73.8037
4.8800,-73.6855
4.8900,-73.5669
4.9000,-73.4480
4.9100,-73.3287
4.9200,-73.2092
4.9300,-73.0893
4.9400,-72.9691
4.9500,-72.8486
4.9600,-72.7277
4.9700,-72.6065
4.9800,-72.4850
4.9900,-72.3632
5.0000,-72.2410
5.0100,-72.1185
5.0200,-71.9956
5.0300,-71.8725
5.0400,-71.7489
5.0500,-71.6251
5.0600,-71.5009
5.0700,-71.3763
5.0800,-71.2515
5.0900,-71.1262
5.1000,-71.0007
5.1100,-70.8747
5.1200,-70.7485
5.1300,-70.6219
5.1400,-70.4949
5.1500,-70.3676
5.1600,-70.2399
5.1700,-70.1119
5.1800,-69.9835
5.1900,-69.8547
5.2000,-69.7256
5.2100,-69.5962
5.2200,-69.4663
5.2300,-69.3361
5.2400,-69.2056
5.2500,-69.0746
5.2600,-68.9433
5.2700,-68.8117
5.2800,-68.6796
5.2900,-68.5472
5.3000,-68.4144
5.3100,-68.2812
5.3200,-68.1477
5.3300,-68.0138
5.3400,-67.8794
5.3500,-67.7447
5.3600,-67.6096
5.3700,-67.4742
5.3800,-67.3383
5.3900,-67.2020
5.4000,-67.0654
5.4100,-66.9283
5.4200,-66.7909
5.4300,-66.6530
5.4400,-66.5147
5.4500,-66.3761
5.4600,-66.2370
5.4700,-66.0975
5.4800,-65.9576
5.4900,-65.8173
5.5000,-65.6766
5.5100,-65.5355
5.5200,-65.3939
5.5300,-65.2519
5.5400,-65.1095
5.5500,-64.9667
5.5600,-64.8235
5.5700,-64.6798
5.5800,-64.5356
5.5900,-64.3911
5.6000,-64.2461
5.6100,-64.1006
5.6200,-63.9547
5.6300,-63.8084
5.6400,-63.6616
5.6500,-63.5144
5.6600,-63.3667
5.6700,-63.2185
5.6800,-63.0699
5.6900,-62.9208
5.7000,-62.7713
5.7100,-62.6213
5.7200,-62.4708
5.7300,-62.3198
5.7400,-62.1684
5.7500,-62.0165
5.7600,-61.8641
5.7700,-61.7112
5.7800,-61.5578
5.7900,-61.4039
5.8000,-61.2495
5.8100,-61.0947
5.8200,-60.9393
5.8300,-60.7834
5.8400,-60.6270
5.8500,-60.4701
5.8600,-60.3127
5.8700,-60.1547
5.8800,-59.9963
5.8900,-59.8372
5.9000,-59.6777
5.9100,-59.5176
5.9200,-59.3570
5.9300,-59.1959
5.9400,-59.0342
5.9500,-58.8719
5.9600,-58.7091
5.9700,-58.5457
5.9800,-58.3818
5.9900,-58.2173
6.0000,-58.2173
6.0100,-58.4035
6.0200,-58.5889
6.0300,-58.7736
6.0400,-58.9576
6.0500,-59.1409
6.0600,-59.3234
6.0700,-59.5052
6.0800,-59.6864
6.0900,-59.8668
6.1000,-60.0465
6.1100,-60.2256
6.1200,-60.4039
6.1300,-60.5816
6.1400,-60.7586
6.1500,-60.9350
6.1600,-61.1107
6.1700,-61.2857
6.1800,-61.4601
6.1900,-61.6338
6.2000,-61.8069
6.2100,-61.9794
6.2200,-62.1512
6.2300,-62.3224
6.2400,-62.4929
6.2500,-62.6629
6.2600,-62.8322
6.2700,-63.0009
6.2800,-63.1690
6.2900,-63.3366
6.3000,-63.5035
6.3100,-63.6698
6.3200,-63.8355
6.3300,-64.0007
6.3400,-64.1652
6.3500,-64.3292
6.3600,-64.4926
6.3700,-64.6554
6.3800,-64.8177
6.3900,-64.9794
6.4000,-65.1406
6.4100,-65.3011
6.4200,-65.4612
6.4300,-65.6206
6.4400,-65.7796
6.4500,-65.9380
6.4600,-66.0958
6.4700,-66.2531
6.4800,-66.4099
6.4900,-66.5662
6.5000,-66.7219
6.5100,-66.8771
6.5200,-67.0317
6.5300,-67.1859
6.5400,-67.3395
6.5500,-67.4926
6.5600,-67.6453
6.5700,-67.7974
6.5800,-67.9490
6.5900,-68.1001
6.6000,-68.2506
6.6100,-68.4007
6.6200,-68.5503
6.6300,-68.6995
6.6400,-68.8481
6.6500,-68.9962
6.6600,-69.1439
6.6700,-69.2910
6.6800,-69.4377
6.6900,-69.5839
6.7000,-69.7297
6.7100,-69.8749
6.7200,-70.0197
6.7300,-70.1640
6.7400,-70.3079
6.7500,-70.4513
6.7600,-70.5942
6.7700,-70.7367
6.7800,-70.8787
6.7900,-71.0203
6.8000,-71.1614
6.8100,-71.3020
6.8200,-71.4422
6.8300,-71.5820
6.8400,-71.7213
6.8500,-71.8601
6.8600,-71.9985
6.8700,-72.1365
6.8800,-72.2741
6.8900,-72.4112
6.9000,-72.5478
6.9100,-72.6841
6.9200,-72.8199
6.9300,-72.9553
6.9400,-73.0902
6.9500,-73.2247
6.9600,-73.3588
6.9700,-73.4925
6.9800,-73.6258
6.9900,-73.7586
7.0000,-73.8910
7.0100,-74.0230
7.0200,-74.1546
7.0300,-74.2858
7.0400,-74.4165
7.0500,-74.5469
7.0600,-74.6768
7.0700,-74.8063
7.0800,-74.9354
7.0900,-75.0642
7.1000,-75.1925
7.1100,-75.3204
7.1200,-75.4479
7.1300,-75.5750
7.1400,-75.7017
7.1500,-75.8280
7.1600,-75.9540
7.1700,-76.0795
7.1800,-76.2046
7.1900,-76.3294
7.2000,-76.4537
7.2100,-76.5777
7.2200,-76.7012
7.2300,-76.8244
7.2400,-76.9472
7.2500,-77.0696
7.2600,-77.1917
7.2700,-77.3133
7.2800,-77.4346
7.2900,-77.5555
7.3000,-77.6760
7.3100,-77.7961
7.3200,-77.9159
7.3300,-78.0352
7.3400,-78.1542
7.3500,-78.2729
7.3600,-78.3911
7.3700,-78.5090
7.3800,-78.6265
7.3900,-78.7436
7.4000,-78.8604
7.4100,-78.9768
7.4200,-79.0928
7.4300,-79.2085
7.4400,-79.3238
7.4500,-79.4387
7.4600,-79.5533
7.4700,-79.6675
7.4800,-79.7814
7.4900,-79.8948
7.5000,-80.0080
7.5100,-80.1207
7.5200,-80.2331
7.5300,-80.3452
7.5400,-80.4569
7.5500,-80.5682
7.5600,-80.6792
7.5700,-80.7898
7.5800,-80.9001
7.5900,-81.0100
7.6000,-81.1195
7.6100,-81.2287
7.6200,-81.3376
7.6300,-81.4461
7.6400,-81.5543
7.6500,-81.6621
7.6600,-81.7695
7.6700,-81.8766
7.6800,-81.9834
7.6900,-82.0898
7.7000,-82.1959
7.7100,-82.3016
7.7200,-82.4070
7.7300,-82.5120
7.7400,-82.6167
7.7500,-82.7211
7.7600,-82.8251
7.7700,-82.9287
7.7800,-83.0320
7.7900,-83.1350
7.8000,-83.2377
7.8100,-83.3400
7.8200,-83.4419
7.8300,-83.5436
7.8400,-83.6448
7.8500,-83.7458
7.8600,-83.8464
7.8700,-83.9467
7.8800,-84.0466
7.8900,-84.1462
7.9000,-84.2455
7.9100,-84.3444
7.9200,-84.4430
7.9300,-84.5413
7.9400,-84.6392
7.9500,-84.7368
7.9600,-84.8341
7.9700,-84.9310
7.9800,-85.0276
7.9900,-85.1239
8.0000,-85.2198
8.0100,-85.3155
8.0200,-85.4107
8.0300,-85.5057
8.0400,-85.6003
8.0500,-85.6946
8.0600,-85.7886
8.0700,-85.8822
8.0800,-85.9755
8.0900,-86.0685
8.1000,-86.1612
8.1100,-86.2535
8.1200,-86.3455
8.1300,-86.4372
8.1400,-86.5286
8.1500,-86.6196
8.1600,-86.7103
8.1700,-86.8007
8.1800,-86.8907
8.1900,-86.9805
8.2000,-87.0699
8.2100,-87.1589
8.2200,-87.2477
8.2300,-87.3361
8.2400,-87.4243
8.2500,-87.5121
8.2600,-87.5995
8.2700,-87.6867
8.2800,-87.7735
8.2900,-87.8600
8.3000,-87.9462
8.3100,-88.0321
8.3200,-88.1176
8.3300,-88.2029
8.3400,-88.2878
8.3500,-88.3724
8.3600,-88.4566
8.3700,-88.5406
8.3800,-88.6242
8.3900,-88.7075
8.4000,-88.7905
8.4100,-88.8732
8.4200,-88.9555
8.4300,-89.0376
8.4400,-89.1193
8.4500,-89.2007
8.4600,-89.2818
8.4700,-89.3626
8.4800,-89.4430
8.4900,-89.5232
8.5000,-89.6030
8.5100,-89.6825
8.5200,-89.7617
8.5300,-89.8405
8.5400,-89.9191
8.5500,-89.9973
8.5600,-90.0753
8.5700,-90.1529
8.5800,-90.2302
8.5900,-90.3071
8.6000,-90.3838
8.6100,-90.4601
8.6200,-90.5362
8.6300,-90.6119
8.6400,-90.6873
8.6500,-90.7624
8.6600,-90.8371
8.6700,-90.9116
8.6800,-90.9858
8.6900,-91.0596
8.7000,-91.1331
8.7100,-91.2063
8.7200,-91.2792
8.7300,-91.3518
8.7400,-91.4240
8.7500,-91.4960
8.7600,-91.5676
8.7700,-91.6389
8.7800,-91.7099
8.7900,-91.7806
8.8000,-91.8510
8.8100,-91.9211
8.8200,-91.9908
8.8300,-92.0603
8.8400,-92.1294
8.8500,-92.1982
8.8600,-92.2667
8.8700,-92.3349
8.8800,-92.4028
8.8900,-92.4704
8.9000,-92.5376
8.9100,-92.6046
8.9200,-92.6712
8.9300,-92.7375
8.9400,-92.8035
8.9500,-92.8692
8.9600,-92.9346
8.9700,-92.9996
8.9800,-93.0644
8.9900,-93.1288
9.0000,-93.1288
9.0100,-93.0644
9.0200,-92.9996
9.0300,-92.9346
9.0400,-92.8692
9.0500,-92.8035
9.0600,-92.7375
9.0700,-92.6712
9.0800,-92.6046
9.0900,-92.5376
9.1000,-92.4704
9.1100,-92.4028
9.1200,-92.3349
9.1300,-92.2667
9.1400,-92.1982
9.1500,-92.1294
9.1600,-92.0603
9.1700,-91.9908
9.1800,-91.9211
9.1900,-91.8510
9.2000,-91.7806
9.2100,-91.7099
9.2200,-91.6389
9.2300,-91.5676
9.2400,-91.4960
9.2500,-91.4240
9.2600,-91.3518
9.2700,-91.2792
9.2800,-91.2063
9.2900,-91.1331
9.3000,-91.0596
9.3100,-90.9858
9.3200,-90.9116
9.3300,-90.8371
9.3400,-90.7624
9.3500,-90.6873
9.3600,-90.6119
9.3700,-90.5362
9.3800,-90.4601
9.3900,-90.3838
9.4000,-90.3071
9.4100,-90.2302
9.4200,-90.1529
9.4300,-90.0753
9.4400,-89.9973
9.4500,-89.9191
9.4600,-89.8405
9.4700,-89.7617
9.4800,-89.6825
9.4900,-89.6030
9.5000,-89.5232
9.5100,-89.4430
9.5200,-89.3626
9.5300,-89.2818
9.5400,-89.2007
9.5500,-89.1193
9.5600,-89.0376
9.5700,-88.9555
9.5800,-88.8732
9.5900,-88.7905
9.6000,-88.7075
9.6100,-88.6242
9.6200,-88.5406
9.6300,-88.4566
9.6400,-88.3724
9.6500,-88.2878
9.6600,-88.2029
9.6700,-88.1176
9.6800,-88.0321
9.6900,-87.9462
9.7000,-87.8600
9.7100,-87.7735
9.7200,-87.6867
9.7300,-87.5995
9.7400,-87.5121
9.7500,-87.4243
9.7600,-87.3361
9.7700,-87.2477
9.7800,-87.1589
9.7900,-87.0699
9.8000,-86.9805
9.8100,-86.8907
9.8200,-86.8007
9.8300,-86.7103
9.8400,-86.6196
9.8500,-86.5286
9.8600,-86.4372
9.8700,-86.3455
9.8800,-86.2535
9.8900,-86.1612
9.9000,-86.0685
9.9100,-85.9755
9.9200,-85.8822
9.9300,-85.7886
9.9400,-85.6946
9.9500,-85.6003
9.9600,-85.5057
9.9700,-85.4107
9.9800,-85.3155
9.9900,-85.2198
10.0000,-85.1239
10.0100,-85.0276
10.0200,-84.9310
10.0300,-84.8341
10.0400,-84.7368
10.0500,-84.6392
10.0600,-84.5413
10.0700,-84.4430
10.0800,-84.3444
10.0900,-84.2455
10.1000,-84.1462
10.1100,-84.0466
10.1200,-83.9467
10.1300,-83.8464
10.1400,-83.7458
10.1500,-83.6448
10.1600,-83.5436
10.1700,-83.4419
10.1800,-83.3400
10.1900,-83.2377
10.2000,-83.1350
10.2100,-83.0320
10.2200,-82.9287
10.2300,-82.8251
10.2400,-82.7211
10.2500,-82.6167
10.2600,-82.5120
10.2700,-82.4070
10.2800,-82.3016
10.2900,-82.1959
10.3000,-82.0898
10.3100,-81.9834
10.3200,-81.8766
10.3300,-81.7695
10.3400,-81.6621
10.3500,-81.5543
10.3600,-81.4461
10.3700,-81.3376
10.3800,-81.2287
10.3900,-81.1195
10.4000,-81.0100
10.4100,-80.9001
10.4200,-80.7898
10.4300,-80.6792
10.4400,-80.5682
10.4500,-80.4569
10.4600,-80.3452
10.4700,-80.2331
10.4800,-80.1207
10.4900,-80.0080
10.5000,-79.8948
10.5100,-79.7814
10.5200,-79.6675
10.5300,-79.5533
10.5400,-79.4387
10.5500,-79.3238
10.5600,-79.2085
10.5700,-79.0928
10.5800,-78.9768
10.5900,-78.8604
10.6000,-78.7436
10.6100,-78.6265
10.6200,-78.5090
10.6300,-78.3911
10.6400,-78.2729
10.6500,-78.1542
10.6600,-78.0352
10.6700,-77.9159
10.6800,-77.7961
10.6900,-77.6760
10.7000,-77.5555
10.7100,-77.4346
10.7200,-77.3133
10.7300,-77.1917
10.7400,-77.0696
10.7500,-76.9472
10.7600,-76.8244
10.7700,-76.7012
10.7800,-76.5777
10.7900,-76.4537
10.8000,-76.3294
10.8100,-76.2046
10.8200,-76.0795
10.8300,-75.9540
10.8400,-75.8280
10.8500,-75.7017
10.8600,-75.5750
10.8700,-75.4479
10.8800,-75.3204
10.8900,-75.1925
10.9000,-75.0642
10.9100,-74.9354
10.9200,-74.8063
10.9300,-74.6768
10.9400,-74.5469
10.9500,-74.4165
10.9600,-74.2858
10.9700,-74.1546
10.9800,-74.0230
10.9900,-73.8910
11.0000,-73.7586
11.0100,-73.6258
11.0200,-73.4925
11.0300,-73.3588
11.0400,-73.2247
11.0500,-73.0902
11.0600,-72.9553
11.0700,-72.8199
11.0800,-72.6841
11.0900,-72.5478
11.1000,-72.4112
11.1100,-72.2741
11.1200,-72.1365
11.1300,-71.9985
11.1400,-71.8601
11.1500,-71.7213
11.1600,-71.5820
11.1700,-71.4422
11.1800,-71.3020
11.1900,-71.1614
11.2000,-71.0203
11.2100,-70.8787
11.2200,-70.7367
11.2300,-70.5942
11.2400,-70.4513
11.2500,-70.3079
11.2600,-70.1640
11.2700,-70.0197
11.2800,-69.8749
11.2900,-69.7297
11.3000,-69.5839
11.3100,-69.4377
11.3200,-69.2910
11.3300,-69.1439
11.3400,-68.9962
11.3500,-68.8481
11.3600,-68.6995
11.3700,-68.5503
11.3800,-68.4007
11.3900,-68.2506
11.4000,-68.1001
11.4100,-67.9490
11.4200,-67.7974
11.4300,-67.6453
11.4400,-67.4926
11.4500,-67.3395
11.4600,-67.1859
11.4700,-67.0317
11.4800,-66.8771
11.4900,-66.7219
11.5000,-66.5662
11.5100,-66.4099
11.5200,-66.2531
11.5300,-66.0958
11.5400,-65.9380
11.5500,-65.7796
11.5600,-65.6206
11.5700,-65.4612
11.5800,-65.3011
11.5900,-65.1406
11.6000,-64.9794
11.6100,-64.8177
11.6200,-64.6554
11.6300,-64.4926
11.6400,-64.3292
11.6500,-64.1652
11.6600,-64.0007
11.6700,-63.8355
11.6800,-63.6698
11.6900,-63.5035
11.7000,-63.3366
11.7100,-63.1690
11.7200,-63.0009
11.7300,-62.8322
11.7400,-62.6629
11.7500,-62.4929
11.7600,-62.3224
11.7700,-62.1512
11.7800,-61.9794
11.7900,-61.8069
11.8000,-61.6338
11.8100,-61.4601
11.8200,-61.2857
11.8300,-61.1107
11.8400,-60.9350
11.8500,-60.7586
11.8600,-60.5816
11.8700,-60.4039
11.8800,-60.2256
11.8900,-60.0465
11.9000,-59.8668
11.9100,-59.6864
11.9200,-59.5052
11.9300,-59.3234
11.9400,-59.1409
11.9500,-58.9576
11.9600,-58.7736
11.9700,-58.5889
11.9800,-58.4035
11.9900,-58.2173
12.0000,-58.2173
12.0100,-58.3818
12.0200,-58.5457
12.0300,-58.7091
12.0400,-58.8719
12.0500,-59.0342
12.0600,-59.1959
12.0700,-59.3570
12.0800,-59.5176
12.0900,-59.6777
12.1000,-59.8372
12.1100,-59.9963
12.1200,-60.1547
12.1300,-60.3127
12.1400,-60.4701
12.1500,-60.6270
12.1600,-60.7834
12.1700,-60.9393
12.1800,-61.0947
12.1900,-61.2495
12.2000,-61.4039
12.2100,-61.5578
12.2200,-61.7112
12.2300,-61.8641
12.2400,-62.0165
12.2500,-62.1684
12.2600,-62.3198
12.2700,-62.4708
12.2800,-62.6213
12.2900,-62.7713
12.3000,-62.9208
12.3100,-63.0699
12.3200,-63.2185
12.3300,-63.3667
12.3400,-63.5144
12.3500,-63.6616
12.3600,-63.8084
12.3700,-63.9547
12.3800,-64.1006
12.3900,-64.2461
12.4000,-64.3911
12.4100,-64.5356
12.4200,-64.6798
12.4300,-64.8235
12.4400,-64.9667
12.4500,-65.1095
12.4600,-65.2519
12.4700,-65.3939
12.4800,-65.5355
12.4900,-65.6766
12.5000,-65.8173
12.5100,-65.9576
12.5200,-66.0975
12.5300,-66.2370
12.5400,-66.3761
12.5500,-66.5147
12.5600,-66.6530
12.5700,-66.7909
12.5800,-66.9283
12.5900,-67.0654
12.6000,-67.2020
12.6100,-67.3383
12.6200,-67.4742
12.6300,-67.6096
12.6400,-67.7447
12.6500,-67.8794
12.6600,-68.0138
12.6700,-68.1477
12.6800,-68.2812
12.6900,-68.4144
12.7000,-68.5472
12.7100,-68.6796
12.7200,-68.8117
12.7300,-68.9433
12.7400,-69.0746
12.7500,-69.2056
12.7600,-69.3361
12.7700,-69.4663
12.7800,-69.5962
12.7900,-69.7256
12.8000,-69.8547
12.8100,-69.9835
12.8200,-70.1119
12.8300,-70.2399
12.8400,-70.3676
12.8500,-70.4949
12.8600,-70.6219
12.8700,-70.7485
12.8800,-70.8747
12.8900,-71.0007
12.9000,-71.1262
12.9100,-71.2515
12.9200,-71.3763
12.9300,-71.5009
12.9400,-71.6251
12.9500,-71.7489
12.9600,-71.8725
12.9700,-71.9956
12.9800,-72.1185
12.9900,-72.2410
13.0000,-72.3632
13.0100,-72.4850
13.0200,-72.6065
13.0300,-72.7277
13.0400,-72.8486
13.0500,-72.9691
13.0600,-73.0893
13.0700,-73.2092
13.0800,-73.3287
13.0900,-73.4480
13.1000,-73.5669
13.1100,-73.6855
13.1200,-73.8037
13.1300,-73.9217
13.1400,-74.0393
13.1500,-74.1566
13.1600,-74.2736
13.1700,-74.3903
13.1800,-74.5067
13.1900,-74.6227
13.2000,-74.7385
13.2100,-74.8539
13.2200,-74.9691
13.2300,-75.0839
13.2400,-75.1984
13.2500,-75.3126
13.2600,-75.4265
13.2700,-75.5401
13.2800,-75.6534
13.2900,-75.7664
13.3000,-75.8790
13.3100,-75.9914
13.3200,-76.1035
13.3300,-76.2153
13.3400,-76.3268
13.3500,-76.4380
13.3600,-76.5489
13.3700,-76.6595
13.3800,-76.7698
13.3900,-76.8798
13.4000,-76.9895
13.4100,-77.0989
13.4200,-77.2080
13.4300,-77.3169
13.4400,-77.4254
13.4500,-77.5337
13.4600,-77.6416
13.4700,-77.7493
13.4800,-77.8567
13.4900,-77.9638
13.5000,-78.0706
13.5100,-78.1772
13.5200,-78.2834
13.5300,-78.3894
13.5400,-78.4951
13.5500,-78.6005
13.5600,-78.7056
13.5700,-78.8104
13.5800,-78.9150
13.5900,-79.0193
13.6000,-79.1233
13.6100,-79.2270
13.6200,-79.3304
13.6300,-79.4336
13.6400,-79.5365
13.6500,-79.6391
13.6600,-79.7414
13.6700,-79.8435
13.6800,-79.9453
13.6900,-80.0468
13.7000,-80.1480
13.7100,-80.2490
13.7200,-80.3497
13.7300,-80.4501
13.7400,-80.5502
13.7500,-80.6501
13.7600,-80.7497
13.7700,-80.8491
13.7800,-80.9482
13.7900,-81.0470
13.8000,-81.1455
13.8100,-81.2438
13.8200,-81.3418
13.8300,-81.4395
13.8400,-81.5370
13.8500,-81.6342
13.8600,-81.7311
13.8700,-81.8278
13.8800,-81.9242
13.8900,-82.0204
13.9000,-82.1162
13.9100,-82.2119
13.9200,-82.3072
13.9300,-82.4023
13.9400,-82.4972
13.9500,-82.5918
13.9600,-82.6861
13.9700,-82.7801
13.9800,-82.8739
13.9900,-82.9675
14.0000,-83.0607
14.0100,-83.1538
14.0200,-83.2465
14.0300,-83.3390
14.0400,-83.4313
14.0500,-83.5233
14.0600,-83.6150
14.0700,-83.7065
14.0800,-83.7977
14.0900,-83.8887
14.1000,-83.9794
14.1100,-84.0699
14.1200,-84.1601
14.1300,-84.2500
14.1400,-84.3397
14.1500,-84.4292
14.1600,-84.5184
14.1700,-84.6073
14.1800,-84.6960
14.1900,-84.7844
14.2000,-84.8726
14.2100,-84.9606
14.2200,-85.0482
14.2300,-85.1357
14.2400,-85.2229
14.2500,-85.3098
14.2600,-85.3965
14.2700,-85.4829
14.2800,-85.5691
14.2900,-85.6550
14.3000,-85.7407
14.3100,-85.8262
14.3200,-85.9114
14.3300,-85.9963
14.3400,-86.0810
14.3500,-86.1654
14.3600,-86.2496
14.3700,-86.3336
14.3800,-86.4173
14.3900,-86.5008
14.4000,-86.5840
14.4100,-86.6670
14.4200,-86.7497
14.4300,-86.8322
14.4400,-86.9144
14.4500,-86.9964
14.4600,-87.0781
14.4700,-87.1596
14.4800,-87.2409
14.4900,-87.3219
14.5000,-87.4027
14.5100,-87.4832
14.5200,-87.5635
14.5300,-87.6435
14.5400,-87.7233
14.5500,-87.8029
14.5600,-87.8822
14.5700,-87.9613
14.5800,-88.0401
14.5900,-88.1187
14.6000,-88.1970
14.6100,-88.2751
14.6200,-88.3530
14.6300,-88.4306
14.6400,-88.5080
14.6500,-88.5851
14.6600,-88.6620
14.6700,-88.7387
14.6800,-88.8151
14.6900,-88.8913
14.7000,-88.9672
14.7100,-89.0429
14.7200,-89.1184
14.7300,-89.1936
14.7400,-89.2686
14.7500,-89.3433
14.7600,-89.4178
14.7700,-89.4921
14.7800,-89.5661
14.7900,-89.6399
14.8000,-89.7134
14.8100,-89.7867
14.8200,-89.8598
14.8300,-89.9326
14.8400,-90.0052
14.8500,-90.0775
14.8600,-90.1497
14.8700,-90.2215
14.8800,-90.2932
14.8900,-90.3646
14.9000,-90.4357
14.9100,-90.5067
14.9200,-90.5774
14.9300,-90.6478
14.9400,-90.7180
14.9500,-90.7880
14.9600,-90.8577
14.9700,-90.9272
14.9800,-90.9965
14.9900,-91.0655
15.0000,-91.0655
15.0100,-90.9965
15.0200,-90.9272
15.0300,-90.8577
15.0400,-90.7880
15.0500,-90.7180
15.0600,-90.6478
15.0700,-90.5774
15.0800,-90.5067
15.0900,-90.4357
15.1000,-90.3646
15.1100,-90.2932
15.1200,-90.2215
15.1300,-90.1497
15.1400,-90.0775
15.1500,-90.0052
15.1600,-89.9326
15.1700,-89.8598
15.1800,-89.7867
15.1900,-89.7134
15.2000,-89.6399
15.2100,-89.5661
15.2200,-89.4921
15.2300,-89.4178
15.2400,-89.3433
15.2500,-89.2686
15.2600,-89.1936
15.2700,-89.1184
15.2800,-89.0429
15.2900,-88.9672
15.3000,-88.8913
15.3100,-88.8151
15.3200,-88.7387
15.3300,-88.6620
15.3400,-88.5851
15.3500,-88.5080
15.3600,-88.4306
15.3700,-88.3530
15.3800,-88.2751
15.3900,-88.1970
15.4000,-88.1187
15.4100,-88.0401
15.4200,-87.9613
15.4300,-87.8822
15.4400,-87.8029
15.4500,-87.7233
15.4600,-87.6435
15.4700,-87.5635
15.4800,-87.4832
15.4900,-87.4027
15.5000,-87.3219
15.5100,-87.2409
15.5200,-87.1596
15.5300,-87.0781
15.5400,-86.9964
15.5500,-86.9144
15.5600,-86.8322
15.5700,-86.7497
15.5800,-86.6670
15.5900,-86.5840
15.6000,-86.5008
15.6100,-86.4173
15.6200,-86.3336
15.6300,-86.2496
15.6400,-86.1654
15.6500,-86.0810
15.6600,-85.9963
15.6700,-85.9114
15.6800,-85.8262
15.6900,-85.7407
15.7000,-85.6550
15.7100,-85.5691
15.7200,-85.4829
15.7300,-85.3965
15.7400,-85.3098
15.7500,-85.2229
15.7600,-85.1357
15.7700,-85.0482
15.7800,-84.9606
15.7900,-84.8726
15.8000,-84.7844
15.8100,-84.6960
15.8200,-84.6073
15.8300,-84.5184
15.8400,-84.4292
15.8500,-84.3397
15.8600,-84.2500
15.8700,-84.1601
15.8800,-84.0699
15.8900,-83.9794
15.9000,-83.8887
15.9100,-83.7977
15.9200,-83.7065
15.9300,-83.6150
15.9400,-83.5233
15.9500,-83.4313
15.9600,-83.3390
15.9700,-83.2465
15.9800,-83.1538
15.9900,-83.0607
16.0000,-82.9675
16.0100,-82.8739
16.0200,-82.7801
16.0300,-82.6861
16.0400,-82.5918
16.0500,-82.4972
16.0600,-82.4023
16.0700,-82.3072
16.0800,-82.2119
16.0900,-82.1162
16.1000,-82.0204
16.1100,-81.9242
16.1200,-81.8278
16.1300,-81.7311
16.1400,-81.6342
16.1500,-81.5370
16.1600,-81.4395
16.1700,-81.3418
16.1800,-81.2438
16.1900,-81.1455
16.2000,-81.0470
16.2100,-80.9482
16.2200,-80.8491
16.2300,-80.7497
16.2400,-80.6501
16.2500,-80.5502
16.2600,-80.4501
16.2700,-80.3497
16.2800,-80.2490
16.2900,-80.1480
16.3000,-80.0468
16.3100,-79.9453
16.3200,-79.8435
16.3300,-79.7414
16.3400,-79.6391
16.3500,-79.5365
16.3600,-79.4336
16.3700,-79.3304
16.3800,-79.2270
16.3900,-79.1233
16.4000,-79.0193
16.4100,-78.9150
16.4200,-78.8104
16.4300,-78.7056
16.4400,-78.6005
16.4500,-78.4951
16.4600,-78.3894
16.4700,-78.2834
16.4800,-78.1772
16.4900,-78.0706
16.5000,-77.9638
16.5100,-77.8567
16.5200,-77.7493
16.5300,-77.6416
16.5400,-77.5337
16.5500,-77.4254
16.5600,-77.3169
16.5700,-77.2080
16.5800,-77.0989
16.5900,-76.9895
16.6000,-76.8798
16.6100,-76.7698
16.6200,-76.6595
16.6300,-76.5489
16.6400,-76.4380
16.6500,-76.3268
16.6600,-76.2153
16.6700,-76.1035
16.6800,-75.9914
16.6900,-75.8790
16.7000,-75.7664
16.7100,-75.6534
16.7200,-75.5401
16.7300,-75.4265
16.7400,-75.3126
16.7500,-75.1984
16.7600,-75.0839
16.7700,-74.9691
16.7800,-74.8539
16.7900,-74.7385
16.8000,-74.6227
16.8100,-74.5067
16.8200,-74.3903
16.8300,-74.2736
16.8400,-74.1566
16.8500,-74.0393
16.8600,-73.9217
16.8700,-73.8037
16.8800,-73.6855
16.8900,-73.5669
16.9000,-73.4480
16.9100,-73.3287
16.9200,-73.2092
16.9300,-73.0893
16.9400,-72.9691
16.9500,-72.8486
16.9600,-72.7277
16.9700,-72.6065
16.9800,-72.4850
16.9900,-72.3632
17.0000,-72.2410
17.0100,-72.1185
17.0200,-71.9956
17.0300,-71.8725
17.0400,-71.7489
17.0500,-71.6251
17.0600,-71.5009
17.0700,-71.3763
17.0800,-71.2515
17.0900,-71.1262
17.1000,-71.0007
17.1100,-70.8747
17.1200,-70.7485
17.1300,-70.6219
17.1400,-70.4949
17.1500,-70.3676
17.1600,-70.2399
17.1700,-70.1119
17.1800,-69.9835
17.1900,-69.8547
17.2000,-69.7256
17.2100,-69.5962
17.2200,-69.4663
17.2300,-69.3361
17.2400,-69.2056
17.2500,-69.0746
17.2600,-68.9433
17.2700,-68.8117
17.2800,-68.6796
17.2900,-68.5472
17.3000,-68.4144
17.3100,-68.2812
17.3200,-68.1477
17.3300,-68.0138
17.3400,-67.8794
17.3500,-67.7447
17.3600,-67.6096
17.3700,-67.4742
17.3800,-67.3383
17.3900,-67.2020
17.4000,-67.0654
17.4100,-66.9283
17.4200,-66.7909
17.4300,-66.6530
17.4400,-66.5147
17.4500,-66.3761
17.4600,-66.2370
17.4700,-66.0975
17.4800,-65.9576
17.4900,-65.8173
17.5000,-65.6766
17.5100,-65.5355
17.5200,-65.3939
17.5300,-65.2519
17.5400,-65.1095
17.5500,-64.9667
17.5600,-64.8235
17.5700,-64.6798
17.5800,-64.5356
17.5900,-64.3911
17.6000,-64.2461
17.6100,-64.1006
17.6200,-63.9547
17.6300,-63.8084
17.6400,-63.6616
17.6500,-63.5144
17.6600,-63.3667
17.6700,-63.2185
17.6800,-63.0699
17.6900,-62.9208
17.7000,-62.7713
17.7100,-62.6213
17.7200,-62.4708
17.7300,-62.3198
17.7400,-62.1684
17.7500,-62.0165
17.7600,-61.8641
17.7700,-61.7112
17.7800,-61.5578
17.7900,-61.4039
17.8000,-61.2495
17.8100,-61.0947
17.8200,-60.9393
17.8300,-60.7834
17.8400,-60.6270
17.8500,-60.4701
17.8600,-60.3127
17.8700,-60.1547
17.8800,-59.9963
17.8900,-59.8372
17.9000,-59.6777
17.9100,-59.5176
17.9200,-59.3570
17.9300,-59.1959
17.9400,-59.0342
17.9500,-58.8719
17.9600,-58.7091
17.9700,-58.5457
17.9800,-58.3818
17.9900,-58.2173
18.0000,-58.2173
18.0100,-58.4035
18.0200,-58.5889
18.0300,-58.7736
18.0400,-58.9576
18.0500,-59.1409
18.0600,-59.3234
18.0700,-59.5052
18.0800,-59.6864
18.0900,-59.8668
18.1000,-60.0465
18.1100,-60.2256
18.1200,-60.4039
18.1300,-60.5816
18.1400,-60.7586
18.1500,-60.9350
18.1600,-61.1107
18.1700,-61.2857
18.1800,-61.4601
18.1900,-61.6338
18.2000,-61.8069
18.2100,-61.9794
18.2200,-62.1512
18.2300,-62.3224
18.2400,-62.4929
18.2500,-62.6629
18.2600,-62.8322
18.2700,-63.0009
18.2800,-63.1690
18.2900,-63.3366
18.3000,-63.5035
18.3100,-63.6698
18.3200,-63.8355
18.3300,-64.0007
18.3400,-64.1652
18.3500,-64.3292
18.3600,-64.4926
18.3700,-64.6554
18.3800,-64.8177
18.3900,-64.9794
18.4000,-65.1406
18.4100,-65.3011
18.4200,-65.4612
18.4300,-65.6206
18.4400,-65.7796
18.4500,-65.9380
18.4600,-66.0958
18.4700,-66.2531
18.4800,-66.4099
18.4900,-66.5662
18.5000,-66.7219
18.5100,-66.8771
18.5200,-67.0317
18.5300,-67.1859
18.5400,-67.3395
18.5500,-67.4926
18.5600,-67.6453
18.5700,-67.7974
18.5800,-67.9490
18.5900,-68.1001
18.6000,-68.2506
18.6100,-68.4007
18.6200,-68.5503
18.6300,-68.6995
18.6400,-68.8481
18.6500,-68.9962
18.6600,-69.1439
18.6700,-69.2910
18.6800,-69.4377
18.6900,-69.5839
18.7000,-69.7297
18.7100,-69.8749
18.7200,-70.0197
18.7300,-70.1640
18.7400,-70.3079
18.7500,-70.4513
18.7600,-70.5942
18.7700,-70.7367
18.7800,-70.8787
18.7900,-71.0203
18.8000,-71.1614
18.8100,-71.3020
18.8200,-71.4422
18.8300,-71.5820
18.8400,-71.7213
18.8500,-71.8601
18.8600,-71.9985
18.8700,-72.1365
18.8800,-72.2741
18.8900,-72.4112
18.9000,-72.5478
18.9100,-72.6841
18.9200,-72.8199
18.9300,-72.9553
18.9400,-73.0902
18.9500,-73.2247
18.9600,-73.3588
18.9700,-73.4925
18.9800,-73.6258
18.9900,-73.7586
19.0000,-73.8910
19.0100,-74.0230
19.0200,-74.1546
19.0300,-74.2858
19.0400,-74.4165
19.0500,-74.5469
19.0600,-74.6768
19.0700,-74.8063
19.0800,-74.9354
19.0900,-75.0642
19.1000,-75.1925
19.1100,-75.3204
19.1200,-75.4479
19.1300,-75.5750
19.1400,-75.7017
19.1500,-75.8280
19.1600,-75.9540
19.1700,-76.0795
19.1800,-76.2046
19.1900,-76.3294
19.2000,-76.4537
19.2100,-76.5777
19.2200,-76.7012
19.2300,-76.8244
19.2400,-76.9472
19.2500,-77.0696
19.2600,-77.1917
19.2700,-77.3133
19.2800,-77.4346
19.2900,-77.5555
19.3000,-77.6760
19.3100,-77.7961
19.3200,-77.9159
19.3300,-78.0352
19.3400,-78.1542
19.3500,-78.2729
19.3600,-78.3911
19.3700,-78.5090
19.3800,-78.6265
19.3900,-78.7436
19.4000,-78.8604
19.4100,-78.9768
19.4200,-79.0928
19.4300,-79.2085
19.4400,-79.3238
19.4500,-79.4387
19.4600,-79.5533
19.4700,-79.6675
19.4800,-79.7814
19.4900,-79.8948
19.5000,-80.0080
19.5100,-80.1207
19.5200,-80.2331
19.5300,-80.3452
19.5400,-80.4569
19.5500,-80.5682
19.5600,-80.6792
19.5700,-80.7898
19.5800,-80.9001
19.5900,-81.0100
19.6000,-81.1195
19.6100,-81.2287
19.6200,-81.3376
19.6300,-81.4461
19.6400,-81.5543
19.6500,-81.6621
19.6600,-81.7695
19.6700,-81.8766
19.6800,-81.9834
19.6900,-82.0898
19.7000,-82.1959
19.7100,-82.3016
19.7200,-82.4070
19.7300,-82.5120
19.7400,-82.6167
19.7500,-82.7211
19.7600,-82.8251
19.7700,-82.9287
19.7800,-83.0320
19.7900,-83.1350
19.8000,-83.2377
19.8100,-83.3400
19.8200,-83.4419
19.8300,-83.5436
19.8400,-83.6448
19.8500,-83.7458
19.8600,-83.8464
19.8700,-83.9467
19.8800,-84.0466
19.8900,-84.1462
19.9000,-84.2455
19.9100,-84.3444
19.9200,-84.4430
19.9300,-84.5413
19.9400,-84.6392
19.9500,-84.7368
19.9600,-84.8341
19.9700,-84.9310
19.9800,-85.0276
19.9900,-85.1239
20.0000,-85.2198
20.0100,-85.3155
20.0200,-85.4107
20.0300,-85.5057
20.0400,-85.6003
20.0500,-85.6946
20.0600,-85.7886
20.0700,-85.8822
20.0800,-85.9755
20.0900,-86.0685
20.1000,-86.1612
20.1100,-86.2535
20.1200,-86.3455
20.1300,-86.4372
20.1400,-86.5286
20.1500,-86.6196
20.1600,-86.7103
20.1700,-86.8007
20.1800,-86.8907
20.1900,-86.9805
20.2000,-87.0699
20.2100,-87.1589
20.2200,-87.2477
20.2300,-87.3361
20.2400,-87.4243
20.2500,-87.5121
20.2600,-87.5995
20.2700,-87.6867
20.2800,-87.7735
20.2900,-87.8600
20.3000,-87.9462
20.3100,-88.0321
20.3200,-88.1176
20.3300,-88.2029
20.3400,-88.2878
20.3500,-88.3724
20.3600,-88.4566
20.3700,-88.5406
20.3800,-88.6242
20.3900,-88.7075
20.4000,-88.7905
20.4100,-88.8732
20.4200,-88.9555
20.4300,-89.0376
20.4400,-89.1193
20.4500,-89.2007
20.4600,-89.2818
20.4700,-89.3626
20.4800,-89.4430
20.4900,-89.5232
20.5000,-89.6030
20.5100,-89.6825
20.5200,-89.7617
20.5300,-89.8405
20.5400,-89.9191
20.5500,-89.9973
20.5600,-90.0753
20.5700,-90.1529
20.5800,-90.2302
20.5900,-90.3071
20.6000,-90.3838
20.6100,-90.4601
20.6200,-90.5362
20.6300,-90.6119
20.6400,-90.6873
20.6500,-90.7624
20.6600,-90.8371
20.6700,-90.9116
20.6800,-90.9858
20.6900,-91.0596
20.7000,-91.1331
20.7100,-91.2063
20.7200,-91.2792
20.7300,-91.3518
20.7400,-91.4240
20.7500,-91.4960
20.7600,-91.5676
20.7700,-91.6389
20.7800,-91.7099
20.7900,-91.7806
20.8000,-91.8510
20.8100,-91.9211
20.8200,-91.9908
20.8300,-92.0603
20.8400,-92.1294
20.8500,-92.1982
20.8600,-92.2667
20.8700,-92.3349
20.8800,-92.4028
20.8900,-92.4704
20.9000,-92.5376
20.9100,-92.6046
20.9200,-92.6712
20.9300,-92.7375
20.9400,-92.8035
20.9500,-92.8692
20.9600,-92.9346
20.9700,-92.9996
20.9800,-93.0644
20.9900,-93.1288
21.0000,-93.1288
21.0100,-93.0644
21.0200,-92.9996
21.0300,-92.9346
21.0400,-92.8692
21.0500,-92.8035
21.0600,-92.7375
21.0700,-92.6712
21.0800,-92.6046
21.0900,-92.5376
21.1000,-92.4704
21.1100,-92.4028
21.1200,-92.3349
21.1300,-92.2667
21.1400,-92.1982
21.1500,-92.1294
21.1600,-92.0603
21.1700,-91.9908
21.1800,-91.9211
21.1900,-91.8510
21.2000,-91.7806
21.2100,-91.7099
21.2200,-91.6389
21.2300,-91.5676
21.2400,-91.4960
21.2500,-91.4240
21.2600,-91.3518
21.2700,-91.2792
21.2800,-91.2063
21.2900,-91.1331
21.3000,-91.0596
21.3100,-90.9858
21.3200,-90.9116
21.3300,-90.8371
21.3400,-90.7624
21.3500,-90.6873
21.3600,-90.6119
21.3700,-90.5362
21.3800,-90.4601
21.3900,-90.3838
21.4000,-90.3071
21.4100,-90.2302
21.4200,-90.1529
21.4300,-90.0753
21.4400,-89.9973
21.4500,-89.9191
21.4600,-89.8405
21.4700,-89.7617
21.4800,-89.6825
21.4900,-89.6030
21.5000,-89.5232
21.5100,-89.4430
21.5200,-89.3626
21.5300,-89.2818
21.5400,-89.2007
21.5500,-89.1193
21.5600,-89.0376
21.5700,-88.9555
21.5800,-88.8732
21.5900,-88.7905
21.6000,-88.7075
21.6100,-88.6242
21.6200,-88.5406
21.6300,-88.4566
21.6400,-88.3724
21.6500,-88.2878
21.6600,-88.2029
21.6700,-88.1176
21.6800,-88.0321
21.6900,-87.9462
21.7000,-87.8600
21.7100,-87.7735
21.7200,-87.6867
21.7300,-87.5995
21.7400,-87.5121
21.7500,-87.4243
21.7600,-87.3361
21.7700,-87.2477
21.7800,-87.1589
21.7900,-87.0699
21.8000,-86.9805
21.8100,-86.8907
21.8200,-86.8007
21.8300,-86.7103
21.8400,-86.6196
21.8500,-86.5286
21.8600,-86.4372
21.8700,-86.3455
21.8800,-86.2535
21.8900,-86.1612
21.9000,-86.0685
21.9100,-85.9755
21.9200,-85.8822
21.9300,-85.7886
21.9400,-85.6946
21.9500,-85.6003
21.9600,-85.5057
21.9700,-85.4107
21.9800,-85.3155
21.9900,-85.2198
22.0000,-85.1239
22.0100,-85.0276
22.0200,-84.9310
22.0300,-84.8341
22.0400,-84.7368
22.0500,-84.6392
22.0600,-84.5413
22.0700,-84.4430
22.0800,-84.3444
22.0900,-84.2455
22.1000,-84.1462
22.1100,-84.0466
22.1200,-83.9467
22.1300,-83.8464
22.1400,-83.7458
22.1500,-83.6448
22.1600,-83.5436
22.1700,-83.4419
22.1800,-83.3400
22.1900,-83.2377
22.2000,-83.1350
22.2100,-83.0320
22.2200,-82.9287
22.2300,-82.8251
22.2400,-82.7211
22.2500,-82.6167
22.2600,-82.5120
22.2700,-82.4070
22.2800,-82.3016
22.2900,-82.1959
22.3000,-82.0898
22.3100,-81.9834
22.3200,-81.8766
22.3300,-81.7695
22.3400,-81.6621
22.3500,-81.5543
22.3600,-81.4461
22.3700,-81.3376
22.3800,-81.2287
22.3900,-81.1195
22.4000,-81.0100
22.4100,-80.9001
22.4200,-80.7898
22.4300,-80.6792
22.4400,-80.5682
22.4500,-80.4569
22.4600,-80.3452
22.4700,-80.2331
22.4800,-80.1207
22.4900,-80.0080
22.5000,-79.8948
22.5100,-79.7814
22.5200,-79.6675
22.5300,-79.5533
22.5400,-79.4387
22.5500,-79.3238
22.5600,-79.2085
22.5700,-79.0928
22.5800,-78.9768
22.5900,-78.8604
22.6000,-78.7436
22.6100,-78.6265
22.6200,-78.5090
22.6300,-78.3911
22.6400,-78.2729
22.6500,-78.1542
22.6600,-78.0352
22.6700,-77.9159
22.6800,-77.7961
22.6900,-77.6760
22.7000,-77.5555
22.7100,-77.4346
22.7200,-77.3133
22.7300,-77.1917
22.7400,-77.0696
22.7500,-76.9472
22.7600,-76.8244
22.7700,-76.7012
22.7800,-76.5777
22.7900,-76.4537
22.8000,-76.3294
22.8100,-76.2046
22.8200,-76.0795
22.8300,-75.9540
22.8400,-75.8280
22.8500,-75.7017
22.8600,-75.5750
22.8700,-75.4479
22.8800,-75.3204
22.8900,-75.1925
22.9000,-75.0642
22.9100,-74.9354
22.9200,-74.8063
22.9300,-74.6768
22.9400,-74.5469
22.9500,-74.4165
22.9600,-74.2858
22.9700,-74.1546
22.9800,-74.0230
22.9900,-73.8910
23.0000,-73.7586
23.0100,-73.6258
23.0200,-73.4925
23.0300,-73.3588
23.0400,-73.2247
23.0500,-73.0902
23.0600,-72.9553
23.0700,-72.8199
23.0800,-72.6841
23.0900,-72.5478
23.1000,-72.4112
23.1100,-72.2741
23.1200,-72.1365
23.1300,-71.9985
23.1400,-71.8601
23.1500,-71.7213
23.1600,-71.5820
23.1700,-71.4422
23.1800,-71.3020
23.1900,-71.1614
23.2000,-71.0203
23.2100,-70.8787
23.2200,-70.7367
23.2300,-70.5942
23.2400,-70.4513
23.2500,-70.3079
23.2600,-70.1640
23.2700,-70.0197
23.2800,-69.8749
23.2900,-69.7297
23.3000,-69.5839
23.3100,-69.4377
23.3200,-69.2910
23.3300,-69.1439
23.3400,-68.9962
23.3500,-68.8481
23.3600,-68.6995
23.3700,-68.5503
23.3800,-68.4007
23.3900,-68.2506
23.4000,-68.1001
23.4100,-67.9490
23.4200,-67.7974
23.4300,-67.6453
23.4400,-67.4926
23.4500,-67.3395
23.4600,-67.1859
23.4700,-67.0317
23.4800,-66.8771
23.4900,-66.7219
23.5000,-66.5662
23.5100,-66.4099
23.5200,-66.2531
23.5300,-66.0958
23.5400,-65.9380
23.5500,-65.7796
23.5600,-65.6206
23.5700,-65.4612
23.5800,-65.3011
23.5900,-65.1406
23.6000,-64.9794
23.6100,-64.8177
23.6200,-64.6554
23.6300,-64.4926
23.6400,-64.3292
23.6500,-64.1652
23.6600,-64.0007
23.6700,-63.8355
23.6800,-63.6698
23.6900,-63.5035
23.7000,-63.3366
23.7100,-63.1690
23.7200,-63.0009
23.7300,-62.8322
23.7400,-62.6629
23.7500,-62.4929
23.7600,-62.3224
23.7700,-62.1512
23.7800,-61.9794
23.7900,-61.8069
23.8000,-61.6338
23.8100,-61.4601
23.8200,-61.2857
23.8300,-61.1107
23.8400,-60.9350
23.8500,-60.7586
23.8600,-60.5816
23.8700,-60.4039
23.8800,-60.2256
23.8900,-60.0465
23.9000,-59.8668
23.9100,-59.6864
23.9200,-59.5052
23.9300,-59.3234
23.9400,-59.1409
23.9500,-58.9576
23.9600,-58.7736
23.9700,-58.5889
23.9800,-58.4035
23.9900,-58.2173
24.0000,-58.2173
24.0100,-58.3818
24.0200,-58.5457
24.0300,-58.7091
24.0400,-58.8719
24.0500,-59.0342
24.0600,-59.1959
24.0700,-59.3570
24.0800,-59.5176
24.0900,-59.6777
24.1000,-59.8372
24.1100,-59.9963
24.1200,-60.1547
24.1300,-60.3127
24.1400,-60.4701
24.1500,-60.6270
24.1600,-60.7834
24.1700,-60.9393
24.1800,-61.0947
24.1900,-61.2495
24.2000,-61.4039
24.2100,-61.5578
24.2200,-61.7112
24.2300,-61.8641
24.2400,-62.0165
24.2500,-62.1684
24.2600,-62.3198
24.2700,-62.4708
24.2800,-62.6213
24.2900,-62.7713
24.3000,-62.9208
24.3100,-63.0699
24.3200,-63.2185
24.3300,-63.3667
24.3400,-63.5144
24.3500,-63.6616
24.3600,-63.8084
24.3700,-63.9547
24.3800,-64.1006
24.3900,-64.2461
24.4000,-64.3911
24.4100,-64.5356
24.4200,-64.6798
24.4300,-64.8235
24.4400,-64.9667
24.4500,-65.1095
24.4600,-65.2519
24.4700,-65.3939
24.4800,-65.5355
24.4900,-65.6766
24.5000,-65.8173
24.5100,-65.9576
24.5200,-66.0975
24.5300,-66.2370
24.5400,-66.3761
24.5500,-66.5147
24.5600,-66.6530
24.5700,-66.7909
24.5800,-66.9283
24.5900,-67.0654
24.6000,-67.2020
24.6100,-67.3383
24.6200,-67.4742
24.6300,-67.6096
24.6400,-67.7447
24.6500,-67.8794
24.6600,-68.0138
24.6700,-68.1477
24.6800,-68.2812
24.6900,-68.4144
24.7000,-68.5472
24.7100,-68.6796
24.7200,-68.8117
24.7300,-68.9433
24.7400,-69.0746
24.7500,-69.2056
24.7600,-69.3361
24.7700,-69.4663
24.7800,-69.5962
24.7900,-69.7256
24.8000,-69.8547
24.8100,-69.9835
24.8200,-70.1119
24.8300,-70.2399
24.8400,-70.3676
24.8500,-70.4949
24.8600,-70.6219
24.8700,-70.7485
24.8800,-70.8747
24.8900,-71.0007
24.9000,-71.1262
24.9100,-71.2515
24.9200,-71.3763
24.9300,-71.5009
24.9400,-71.6251
24.9500,-71.7489
24.9600,-71.8725
24.9700,-71.9956
24.9800,-72.1185
24.9900,-72.2410
25.0000,-72.3632
25.0100,-72.4850
25.0200,-72.6065
25.0300,-72.7277
25.0400,-72.8486
25.0500,-72.9691
25.0600,-73.0893
25.0700,-73.2092
25.0800,-73.3287
25.0900,-73.4480
25.1000,-73.5669
25.1100,-73.6855
25.1200,-73.8037
25.1300,-73.9217
25.1400,-74.0393
25.1500,-74.1566
25.1600,-74.2736
25.1700,-74.3903
25.1800,-74.5067
25.1900,-74.6227
25.2000,-74.7385
25.2100,-74.8539
25.2200,-74.9691
25.2300,-75.0839
25.2400,-75.1984
25.2500,-75.3126
25.2600,-75.4265
25.2700,-75.5401
25.2800,-75.6534
25.2900,-75.7664
25.3000,-75.8790
25.3100,-75.9914
25.3200,-76.1035
25.3300,-76.2153
25.3400,-76.3268
25.3500,-76.4380
25.3600,-76.5489
25.3700,-76.6595
25.3800,-76.7698
25.3900,-76.8798
25.4000,-76.9895
25.4100,-77.0989
25.4200,-77.2080
25.4300,-77.3169
25.4400,-77.4254
25.4500,-77.5337
25.4600,-77.6416
25.4700,-77.7493
25.4800,-77.8567
25.4900,-77.9638
25.5000,-78.0706
25.5100,-78.1772
25.5200,-78.2834
25.5300,-78.3894
25.5400,-78.4951
25.5500,-78.6005
25.5600,-78.7056
25.5700,-78.8104
25.5800,-78.9150
25.5900,-79.0193
25.6000,-79.1233
25.6100,-79.2270
25.6200,-79.3304
25.6300,-79.4336
25.6400,-79.5365
25.6500,-79.6391
25.6600,-79.7414
25.6700,-79.8435
25.6800,-79.9453
25.6900,-80.0468
25.7000,-80.1480
25.7100,-80.2490
25.7200,-80.3497
25.7300,-80.4501
25.7400,-80.5502
25.7500,-80.6501
25.7600,-80.7497
25.7700,-80.8491
25.7800,-80.9482
25.7900,-81.0470
25.8000,-81.1455
25.8100,-81.2438
25.8200,-81.3418
25.8300,-81.4395
25.8400,-81.5370
25.8500,-81.6342
25.8600,-81.7311
25.8700,-81.8278
25.8800,-81.9242
25.8900,-82.0204
25.9000,-82.1162
25.9100,-82.2119
25.9200,-82.3072
25.9300,-82.4023
25.9400,-82.4972
25.9500,-82.5918
25.9600,-82.6861
25.9700,-82.7801
25.9800,-82.8739
25.9900,-82.9675
26.0000,-83.0607
26.0100,-83.1538
26.0200,-83.2465
26.0300,-83.3390
26.0400,-83.4313
26.0500,-83.5233
26.0600,-83.6150
26.0700,-83.7065
26.0800,-83.7977
26.0900,-83.8887
26.1000,-83.9794
26.1100,-84.0699
26.1200,-84.1601
26.1300,-84.2500
26.1400,-84.3397
26.1500,-84.4292
26.1600,-84.5184
26.1700,-84.6073
26.1800,-84.6960
26.1900,-84.7844
26.2000,-84.8726
26.2100,-84.9606
26.2200,-85.0482
26.2300,-85.1357
26.2400,-85.2229
26.2500,-85.3098
26.2600,-85.3965
26.2700,-85.4829
26.2800,-85.5691
26.2900,-85.6550
26.3000,-85.7407
26.3100,-85.8262
26.3200,-85.9114
26.3300,-85.9963
26.3400,-86.0810
26.3500,-86.1654
26.3600,-86.2496
26.3700,-86.3336
26.3800,-86.4173
26.3900,-86.5008
26.4000,-86.5840
26.4100,-86.6670
26.4200,-86.7497
26.4300,-86.8322
26.4400,-86.9144
26.4500,-86.9964
26.4600,-87.0781
26.4700,-87.1596
26.4800,-87.2409
26.4900,-87.3219
26.5000,-87.4027
26.5100,-87.4832
26.5200,-87.5635
26.5300,-87.6435
26.5400,-87.7233
26.5500,-87.8029
26.5600,-87.8822
26.5700,-87.9613
26.5800,-88.0401
26.5900,-88.1187
26.6000,-88.1970
26.6100,-88.2751
26.6200,-88.3530
26.6300,-88.4306
26.6400,-88.5080
26.6500,-88.5851
26.6600,-88.6620
26.6700,-88.7387
26.6800,-88.8151
26.6900,-88.8913
26.7000,-88.9672
26.7100,-89.0429
26.7200,-89.1184
26.7300,-89.1936
26.7400,-89.2686
26.7500,-89.3433
26.7600,-89.4178
26.7700,-89.4921
26.7800,-89.5661
26.7900,-89.6399
26.8000,-89.7134
26.8100,-89.7867
26.8200,-89.8598
26.8300,-89.9326
26.8400,-90.0052
26.8500,-90.0775
26.8600,-90.1497
26.8700,-90.2215
26.8800,-90.2932
26.8900,-90.3646
26.9000,-90.4357
26.9100,-90.5067
26.9200,-90.5774
26.9300,-90.6478
26.9400,-90.7180
26.9500,-90.7880
26.9600,-90.8577
26.9700,-90.9272
26.9800,-90.9965
26.9900,-91.0655
