0.0000,46.0655
0.0100,46.4927
0.0200,46.9183
0.0300,47.3423
0.0400,47.7649
0.0500,48.1859
0.0600,48.6055
0.0700,49.0237
0.0800,49.4405
0.0900,49.8560
0.1000,50.2701
0.1100,50.6830
0.1200,51.0946
0.1300,51.5050
0.1400,51.9141
0.1500,52.3221
0.1600,52.7289
0.1700,53.1346
0.1800,53.5392
0.1900,53.9427
0.2000,54.3451
0.2100,54.7464
0.2200,55.1467
0.2300,55.5459
0.2400,55.9442
0.2500,56.3414
0.2600,56.7377
0.2700,57.1330
0.2800,57.5273
0.2900,57.9207
0.3000,58.3132
0.3100,58.7047
0.3200,59.0953
0.3300,59.4850
0.3400,59.8738
0.3500,60.2617
0.3600,60.6487
0.3700,61.0349
0.3800,61.4201
0.3900,61.8045
0.4000,62.1881
0.4100,62.5708
0.4200,62.9526
0.4300,63.3335
0.4400,63.7137
0.4500,64.0929
0.4600,64.4714
0.4700,64.8489
0.4800,65.2257
0.4900,65.6016
0.5000,65.9766
0.5100,66.3508
0.5200,66.7242
0.5300,67.0967
0.5400,67.4683
0.5500,67.8391
0.5600,68.2091
0.5700,68.5782
0.5800,68.9464
0.5900,69.3138
0.6000,69.6803
0.6100,70.0459
0.6200,70.4107
0.6300,70.7745
0.6400,71.1375
0.6500,71.4996
0.6600,71.8607
0.6700,72.2210
0.6800,72.5803
0.6900,72.9388
0.7000,73.2962
0.7100,73.6528
0.7200,74.0084
0.7300,74.3630
0.7400,74.7167
0.7500,75.0694
0.7600,75.4211
0.7700,75.7718
0.7800,76.1216
0.7900,76.4703
0.8000,76.8179
0.8100,77.1646
0.8200,77.5102
0.8300,77.8547
0.8400,78.1982
0.8500,78.5406
0.8600,78.8819
0.8700,79.2221
0.8800,79.5611
0.8900,79.8991
0.9000,80.2359
0.9100,80.5715
0.9200,80.9060
0.9300,81.2392
0.9400,81.5713
0.9500,81.9022
0.9600,82.2319
0.9700,82.5603
0.9800,82.8875
0.9900,83.2133
1.0000,83.5380
1.0100,83.8613
1.0200,84.1833
1.0300,84.5040
1.0400,84.8233
1.0500,85.1413
1.0600,85.4579
1.0700,85.7732
1.0800,86.0870
1.0900,86.3994
1.1000,86.7104
1.1100,87.0199
1.1200,87.3280
1.1300,87.6346
1.1400,87.9397
1.1500,88.2433
1.1600,88.5454
1.1700,88.8459
1.1800,89.1448
1.1900,89.4422
1.2000,89.7380
1.2100,90.0322
1.2200,90.3248
1.2300,90.6157
1.2400,90.9050
1.2500,91.1926
1.2600,91.4785
1.2700,91.7627
1.2800,92.0452
1.2900,92.3260
1.3000,92.6050
1.3100,92.8822
1.3200,93.1577
1.3300,93.4313
1.3400,93.7032
1.3500,93.9732
1.3600,94.2413
1.3700,94.5076
1.3800,94.7721
1.3900,95.0346
1.4000,95.2952
1.4100,95.5539
1.4200,95.8106
1.4300,96.0654
1.4400,96.3183
1.4500,96.5691
1.4600,96.8179
1.4700,97.0648
1.4800,97.3095
1.4900,97.5523
1.5000,97.7930
1.5100,98.0316
1.5200,98.2681
1.5300,98.5025
1.5400,98.7347
1.5500,98.9649
1.5600,99.1929
1.5700,99.4187
1.5800,99.6424
1.5900,99.8638
1.6000,100.0831
1.6100,100.3001
1.6200,100.5149
1.6300,100.7275
1.6400,100.9378
1.6500,101.1458
1.6600,101.3515
1.6700,101.5549
1.6800,101.7560
1.6900,101.9548
1.7000,102.1512
1.7100,102.3453
1.7200,102.5370
1.7300,102.7264
1.7400,102.9133
1.7500,103.0978
1.7600,103.2799
1.7700,103.4596
1.7800,103.6368
1.7900,103.8115
1.8000,103.9838
1.8100,104.1536
1.8200,104.3209
1.8300,104.4857
1.8400,104.6479
1.8500,104.8077
1.8600,104.9648
1.8700,105.1194
1.8800,105.2714
1.8900,105.4209
1.9000,105.5677
1.9100,105.7119
1.9200,105.8535
1.9300,105.9924
1.9400,106.1287
1.9500,106.2623
1.9600,106.3932
1.9700,106.5215
1.9800,106.6470
1.9900,106.7698
2.0000,106.8898
2.0100,107.0071
2.0200,107.1216
2.0300,107.2334
2.0400,107.3423
2.0500,107.4484
2.0600,107.5517
2.0700,107.6521
2.0800,107.7497
2.0900,107.8444
2.1000,107.9362
2.1100,108.0251
2.1200,108.1110
2.1300,108.1940
2.1400,108.2740
2.1500,108.3511
2.1600,108.4251
2.1700,108.4961
2.1800,108.5641
2.1900,108.6289
2.2000,108.6907
2.2100,108.7494
2.2200,108.8049
2.2300,108.8573
2.2400,108.9065
2.2500,108.9525
2.2600,108.9952
2.2700,109.0347
2.2800,109.0708
2.2900,109.1037
2.3000,109.1332
2.3100,109.1593
2.3200,109.1820
2.3300,109.2012
2.3400,109.2169
2.3500,109.2291
2.3600,109.2378
2.3700,109.2428
2.3800,109.2442
2.3900,109.2419
2.4000,109.2359
2.4100,109.2261
2.4200,109.2124
2.4300,109.1949
2.4400,109.1734
2.4500,109.1479
2.4600,109.1184
2.4700,109.0847
2.4800,109.0469
2.4900,109.0048
2.5000,108.9583
2.5100,108.9075
2.5200,108.8522
2.5300,108.7922
2.5400,108.7277
2.5500,108.6583
2.5600,108.5841
2.5700,108.5049
2.5800,108.4207
2.5900,108.3312
2.6000,108.2364
2.6100,108.1361
2.6200,108.0302
2.6300,107.9186
2.6400,107.8009
2.6500,107.6772
2.6600,107.5471
2.6700,107.4105
2.6800,107.2672
2.6900,107.1169
2.7000,106.9593
2.7100,106.7942
2.7200,106.6212
2.7300,106.4400
2.7400,106.2503
2.7500,106.0517
2.7600,105.8436
2.7700,105.6257
2.7800,105.3973
2.7900,105.1579
2.8000,104.9067
2.8100,104.6431
2.8200,104.3661
2.8300,104.0747
2.8400,103.7679
2.8500,103.4443
2.8600,103.1023
2.8700,102.7402
2.8800,102.3559
2.8900,101.9467
2.9000,101.5095
2.9100,101.0403
2.9200,100.5341
2.9300,99.9841
2.9400,99.3816
2.9500,98.7137
2.9600,97.9615
2.9700,97.0943
2.9800,96.0556
2.9900,94.7174
3.0000,4.7174
3.0100,5.0184
3.0200,5.3194
3.0300,5.6204
3.0400,5.9214
3.0500,6.2224
3.0600,6.5234
3.0700,6.8244
3.0800,7.1254
3.0900,7.4264
3.1000,7.7275
3.1100,8.0285
3.1200,8.3295
3.1300,8.6305
3.1400,8.9315
3.1500,9.2325
3.1600,9.5335
3.1700,9.8345
3.1800,10.1355
3.1900,10.4365
3.2000,10.7375
3.2100,11.0385
3.2200,11.3395
3.2300,11.6405
3.2400,11.9415
3.2500,12.2425
3.2600,12.5435
3.2700,12.8445
3.2800,13.1455
3.2900,13.4465
3.3000,13.7475
3.3100,14.0485
3.3200,14.3495
3.3300,14.6505
3.3400,14.9515
3.3500,15.2525
3.3600,15.5535
3.3700,15.8545
3.3800,16.1555
3.3900,16.4565
3.4000,16.7576
3.4100,17.0586
3.4200,17.3596
3.4300,17.6606
3.4400,17.9616
3.4500,18.2626
3.4600,18.5636
3.4700,18.8646
3.4800,19.1656
3.4900,19.4666
3.5000,19.7676
3.5100,20.0686
3.5200,20.3696
3.5300,20.6706
3.5400,20.9716
3.5500,21.2726
3.5600,21.5736
3.5700,21.8746
3.5800,22.1756
3.5900,22.4766
3.6000,22.7776
3.6100,23.0786
3.6200,23.3796
3.6300,23.6806
3.6400,23.9816
3.6500,24.2826
3.6600,24.5836
3.6700,24.8846
3.6800,25.1856
3.6900,25.4866
3.7000,25.7877
3.7100,26.0887
3.7200,26.3897
3.7300,26.6907
3.7400,26.9917
3.7500,27.2927
3.7600,27.5937
3.7700,27.8947
3.7800,28.1957
3.7900,28.4967
3.8000,28.7977
3.8100,29.0987
3.8200,29.3997
3.8300,29.7007
3.8400,30.0017
3.8500,30.3027
3.8600,30.6037
3.8700,30.9047
3.8800,31.2057
3.8900,31.5067
3.9000,31.8077
3.9100,32.1087
3.9200,32.4097
3.9300,32.7107
3.9400,33.0117
3.9500,33.3127
3.9600,33.6137
3.9700,33.9147
3.9800,34.2157
3.9900,34.5167
4.0000,34.8178
4.0100,35.1188
4.0200,35.4198
4.0300,35.7208
4.0400,36.0218
4.0500,36.3228
4.0600,36.6238
4.0700,36.9248
4.0800,37.2258
4.0900,37.5268
4.1000,37.8278
4.1100,38.1288
4.1200,38.4298
4.1300,38.7308
4.1400,39.0318
4.1500,39.3328
4.1600,39.6338
4.1700,39.9348
4.1800,40.2358
4.1900,40.5368
4.2000,40.8378
4.2100,41.1388
4.2200,41.4398
4.2300,41.7408
4.2400,42.0418
4.2500,42.3428
4.2600,42.6438
4.2700,42.9448
4.2800,43.2458
4.2900,43.5468
4.3000,43.8479
4.3100,44.1489
4.3200,44.4499
4.3300,44.7509
4.3400,45.0519
4.3500,45.3529
4.3600,45.6539
4.3700,45.9549
4.3800,46.2559
4.3900,46.5569
4.4000,46.8579
4.4100,47.1589
4.4200,47.4599
4.4300,47.7609
4.4400,48.0619
4.4500,48.3629
4.4600,48.6639
4.4700,48.9649
4.4800,49.2659
4.4900,49.5669
4.5000,49.8679
4.5100,50.1689
4.5200,50.4699
4.5300,50.7709
4.5400,51.0719
4.5500,51.3729
4.5600,51.6739
4.5700,51.9749
4.5800,52.2759
4.5900,52.5769
4.6000,52.8780
4.6100,53.1790
4.6200,53.4800
4.6300,53.7810
4.6400,54.0820
4.6500,54.3830
4.6600,54.6840
4.6700,54.9850
4.6800,55.2860
4.6900,55.5870
4.7000,55.8880
4.7100,56.1890
4.7200,56.4900
4.7300,56.7910
4.7400,57.0920
4.7500,57.3930
4.7600,57.6940
4.7700,57.9950
4.7800,58.2960
4.7900,58.5970
4.8000,58.8980
4.8100,59.1990
4.8200,59.5000
4.8300,59.8010
4.8400,60.1020
4.8500,60.4030
4.8600,60.7040
4.8700,61.0050
4.8800,61.3060
4.8900,61.6070
4.9000,61.9081
4.9100,62.2091
4.9200,62.5101
4.9300,62.8111
4.9400,63.1121
4.9500,63.4131
4.9600,63.7141
4.9700,64.0151
4.9800,64.3161
4.9900,64.6171
5.0000,64.9181
5.0100,65.2191
5.0200,65.5201
5.0300,65.8211
5.0400,66.1221
5.0500,66.4231
5.0600,66.7241
5.0700,67.0251
5.0800,67.3261
5.0900,67.6271
5.1000,67.9281
5.1100,68.2291
5.1200,68.5301
5.1300,68.8311
5.1400,69.1321
5.1500,69.4331
5.1600,69.7341
5.1700,70.0351
5.1800,70.3361
5.1900,70.6371
5.2000,70.9382
5.2100,71.2392
5.2200,71.5402
5.2300,71.8412
5.2400,72.1422
5.2500,72.4432
5.2600,72.7442
5.2700,73.0452
5.2800,73.3462
5.2900,73.6472
5.3000,73.9482
5.3100,74.2492
5.3200,74.5502
5.3300,74.8512
5.3400,75.1522
5.3500,75.4532
5.3600,75.7542
5.3700,76.0552
5.3800,76.3562
5.3900,76.6572
5.4000,76.9582
5.4100,77.2592
5.4200,77.5602
5.4300,77.8612
5.4400,78.1622
5.4500,78.4632
5.4600,78.7642
5.4700,79.0652
5.4800,79.3662
5.4900,79.6672
5.5000,79.9683
5.5100,80.2693
5.5200,80.5703
5.5300,80.8713
5.5400,81.1723
5.5500,81.4733
5.5600,81.7743
5.5700,82.0753
5.5800,82.3763
5.5900,82.6773
5.6000,82.9783
5.6100,83.2793
5.6200,83.5803
5.6300,83.8813
5.6400,84.1823
5.6500,84.4833
5.6600,84.7843
5.6700,85.0853
5.6800,85.3863
5.6900,85.6873
5.7000,85.9883
5.7100,86.2893
5.7200,86.5903
5.7300,86.8913
5.7400,87.1923
5.7500,87.4933
5.7600,87.7943
5.7700,88.0953
5.7800,88.3963
5.7900,88.6973
5.8000,88.9984
5.8100,89.2994
5.8200,89.6004
5.8300,89.9014
5.8400,90.2024
5.8500,90.5034
5.8600,90.8044
5.8700,91.1054
5.8800,91.4064
5.8900,91.7074
5.9000,92.0084
5.9100,92.3094
5.9200,92.6104
5.9300,92.9114
5.9400,93.2124
5.9500,93.5134
5.9600,93.8144
5.9700,94.1154
5.9800,94.4164
5.9900,94.7174
6.0000,4.7174
6.0100,5.0184
6.0200,5.3194
6.0300,5.6204
6.0400,5.9214
6.0500,6.2224
6.0600,6.5234
6.0700,6.8244
6.0800,7.1254
6.0900,7.4264
6.1000,7.7275
6.1100,8.0285
6.1200,8.3295
6.1300,8.6305
6.1400,8.9315
6.1500,9.2325
6.1600,9.5335
6.1700,9.8345
6.1800,10.1355
6.1900,10.4365
6.2000,10.7375
6.2100,11.0385
6.2200,11.3395
6.2300,11.6405
6.2400,11.9415
6.2500,12.2425
6.2600,12.5435
6.2700,12.8445
6.2800,13.1455
6.2900,13.4465
6.3000,13.7475
6.3100,14.0485
6.3200,14.3495
6.3300,14.6505
6.3400,14.9515
6.3500,15.2525
6.3600,15.5535
6.3700,15.8545
6.3800,16.1555
6.3900,16.4565
6.4000,16.7576
6.4100,17.0586
6.4200,17.3596
6.4300,17.6606
6.4400,17.9616
6.4500,18.2626
6.4600,18.5636
6.4700,18.8646
6.4800,19.1656
6.4900,19.4666
6.5000,19.7676
6.5100,20.0686
6.5200,20.3696
6.5300,20.6706
6.5400,20.9716
6.5500,21.2726
6.5600,21.5736
6.5700,21.8746
6.5800,22.1756
6.5900,22.4766
6.6000,22.7776
6.6100,23.0786
6.6200,23.3796
6.6300,23.6806
6.6400,23.9816
6.6500,24.2826
6.6600,24.5836
6.6700,24.8846
6.6800,25.1856
6.6900,25.4866
6.7000,25.7877
6.7100,26.0887
6.7200,26.3897
6.7300,26.6907
6.7400,26.9917
6.7500,27.2927
6.7600,27.5937
6.7700,27.8947
6.7800,28.1957
6.7900,28.4967
6.8000,28.7977
6.8100,29.0987
6.8200,29.3997
6.8300,29.7007
6.8400,30.0017
6.8500,30.3027
6.8600,30.6037
6.8700,30.9047
6.8800,31.2057
6.8900,31.5067
6.9000,31.8077
6.9100,32.1087
6.9200,32.4097
6.9300,32.7107
6.9400,33.0117
6.9500,33.3127
6.9600,33.6137
6.9700,33.9147
6.9800,34.2157
6.9900,34.5167
7.0000,34.8178
7.0100,35.1188
7.0200,35.4198
7.0300,35.7208
7.0400,36.0218
7.0500,36.3228
7.0600,36.6238
7.0700,36.9248
7.0800,37.2258
7.0900,37.5268
7.1000,37.8278
7.1100,38.1288
7.1200,38.4298
7.1300,38.7308
7.1400,39.0318
7.1500,39.3328
7.1600,39.6338
7.1700,39.9348
7.1800,40.2358
7.1900,40.5368
7.2000,40.8378
7.2100,41.1388
7.2200,41.4398
7.2300,41.7408
7.2400,42.0418
7.2500,42.3428
7.2600,42.6438
7.2700,42.9448
7.2800,43.2458
7.2900,43.5468
7.3000,43.8479
7.3100,44.1489
7.3200,44.4499
7.3300,44.7509
7.3400,45.0519
7.3500,45.3529
7.3600,45.6539
7.3700,45.9549
7.3800,46.2559
7.3900,46.5569
7.4000,46.8579
7.4100,47.1589
7.4200,47.4599
7.4300,47.7609
7.4400,48.0619
7.4500,48.3629
7.4600,48.6639
7.4700,48.9649
7.4800,49.2659
7.4900,49.5669
7.5000,49.8679
7.5100,50.1689
7.5200,50.4699
7.5300,50.7709
7.5400,51.0719
7.5500,51.3729
7.5600,51.6739
7.5700,51.9749
7.5800,52.2759
7.5900,52.5769
7.6000,52.8780
7.6100,53.1790
7.6200,53.4800
7.6300,53.7810
7.6400,54.0820
7.6500,54.3830
7.6600,54.6840
7.6700,54.9850
7.6800,55.2860
7.6900,55.5870
7.7000,55.8880
7.7100,56.1890
7.7200,56.4900
7.7300,56.7910
7.7400,57.0920
7.7500,57.3930
7.7600,57.6940
7.7700,57.9950
7.7800,58.2960
7.7900,58.5970
7.8000,58.8980
7.8100,59.1990
7.8200,59.5000
7.8300,59.8010
7.8400,60.1020
7.8500,60.4030
7.8600,60.7040
7.8700,61.0050
7.8800,61.3060
7.8900,61.6070
7.9000,61.9081
7.9100,62.2091
7.9200,62.5101
7.9300,62.8111
7.9400,63.1121
7.9500,63.4131
7.9600,63.7141
7.9700,64.0151
7.9800,64.3161
7.9900,64.6171
8.0000,64.9181
8.0100,65.2191
8.0200,65.5201
8.0300,65.8211
8.0400,66.1221
8.0500,66.4231
8.0600,66.7241
8.0700,67.0251
8.0800,67.3261
8.0900,67.6271
8.1000,67.9281
8.1100,68.2291
8.1200,68.5301
8.1300,68.8311
8.1400,69.1321
8.1500,69.4331
8.1600,69.7341
8.1700,70.0351
8.1800,70.3361
8.1900,70.6371
8.2000,70.9382
8.2100,71.2392
8.2200,71.5402
8.2300,71.8412
8.2400,72.1422
8.2500,72.4432
8.2600,72.7442
8.2700,73.0452
8.2800,73.3462
8.2900,73.6472
8.3000,73.9482
8.3100,74.2492
8.3200,74.5502
8.3300,74.8512
8.3400,75.1522
8.3500,75.4532
8.3600,75.7542
8.3700,76.0552
8.3800,76.3562
8.3900,76.6572
8.4000,76.9582
8.4100,77.2592
8.4200,77.5602
8.4300,77.8612
8.4400,78.1622
8.4500,78.4632
8.4600,78.7642
8.4700,79.0652
8.4800,79.3662
8.4900,79.6672
8.5000,79.9683
8.5100,80.2693
8.5200,80.5703
8.5300,80.8713
8.5400,81.1723
8.5500,81.4733
8.5600,81.7743
8.5700,82.0753
8.5800,82.3763
8.5900,82.6773
8.6000,82.9783
8.6100,83.2793
8.6200,83.5803
8.6300,83.8813
8.6400,84.1823
8.6500,84.4833
8.6600,84.7843
8.6700,85.0853
8.6800,85.3863
8.6900,85.6873
8.7000,85.9883
8.7100,86.2893
8.7200,86.5903
8.7300,86.8913
8.7400,87.1923
8.7500,87.4933
8.7600,87.7943
8.7700,88.0953
8.7800,88.3963
8.7900,88.6973
8.8000,88.9984
8.8100,89.2994
8.8200,89.6004
8.8300,89.9014
8.8400,90.2024
8.8500,90.5034
8.8600,90.8044
8.8700,91.1054
8.8800,91.4064
8.8900,91.7074
8.9000,92.0084
8.9100,92.3094
8.9200,92.6104
8.9300,92.9114
8.9400,93.2124
8.9500,93.5134
8.9600,93.8144
8.9700,94.1154
8.9800,94.4164
8.9900,94.7174
9.0000,94.7174
9.0100,94.4164
9.0200,94.1154
9.0300,93.8144
9.0400,93.5134
9.0500,93.2124
9.0600,92.9114
9.0700,92.6104
9.0800,92.3094
9.0900,92.0084
9.1000,91.7074
9.1100,91.4064
9.1200,91.1054
9.1300,90.8044
9.1400,90.5034
9.1500,90.2024
9.1600,89.9014
9.1700,89.6004
9.1800,89.2994
9.1900,88.9984
9.2000,88.6973
9.2100,88.3963
9.2200,88.0953
9.2300,87.7943
9.2400,87.4933
9.2500,87.1923
9.2600,86.8913
9.2700,86.5903
9.2800,86.2893
9.2900,85.9883
9.3000,85.6873
9.3100,85.3863
9.3200,85.0853
9.3300,84.7843
9.3400,84.4833
9.3500,84.1823
9.3600,83.8813
9.3700,83.5803
9.3800,83.2793
9.3900,82.9783
9.4000,82.6773
9.4100,82.3763
9.4200,82.0753
9.4300,81.7743
9.4400,81.4733
9.4500,81.1723
9.4600,80.8713
9.4700,80.5703
9.4800,80.2693
9.4900,79.9683
9.5000,79.6672
9.5100,79.3662
9.5200,79.0652
9.5300,78.7642
9.5400,78.4632
9.5500,78.1622
9.5600,77.8612
9.5700,77.5602
9.5800,77.2592
9.5900,76.9582
9.6000,76.6572
9.6100,76.3562
9.6200,76.0552
9.6300,75.7542
9.6400,75.4532
9.6500,75.1522
9.6600,74.8512
9.6700,74.5502
9.6800,74.2492
9.6900,73.9482
9.7000,73.6472
9.7100,73.3462
9.7200,73.0452
9.7300,72.7442
9.7400,72.4432
9.7500,72.1422
9.7600,71.8412
9.7700,71.5402
9.7800,71.2392
9.7900,70.9382
9.8000,70.6371
9.8100,70.3361
9.8200,70.0351
9.8300,69.7341
9.8400,69.4331
9.8500,69.1321
9.8600,68.8311
9.8700,68.5301
9.8800,68.2291
9.8900,67.9281
9.9000,67.6271
9.9100,67.3261
9.9200,67.0251
9.9300,66.7241
9.9400,66.4231
9.9500,66.1221
9.9600,65.8211
9.9700,65.5201
9.9800,65.2191
9.9900,64.9181
10.0000,64.6171
10.0100,64.3161
10.0200,64.0151
10.0300,63.7141
10.0400,63.4131
10.0500,63.1121
10.0600,62.8111
10.0700,62.5101
10.0800,62.2091
10.0900,61.9081
10.1000,61.6070
10.1100,61.3060
10.1200,61.0050
10.1300,60.7040
10.1400,60.4030
10.1500,60.1020
10.1600,59.8010
10.1700,59.5000
10.1800,59.1990
10.1900,58.8980
10.2000,58.5970
10.2100,58.2960
10.2200,57.9950
10.2300,57.6940
10.2400,57.3930
10.2500,57.0920
10.2600,56.7910
10.2700,56.4900
10.2800,56.1890
10.2900,55.8880
10.3000,55.5870
10.3100,55.2860
10.3200,54.9850
10.3300,54.6840
10.3400,54.3830
10.3500,54.0820
10.3600,53.7810
10.3700,53.4800
10.3800,53.1790
10.3900,52.8780
10.4000,52.5769
10.4100,52.2759
10.4200,51.9749
10.4300,51.6739
10.4400,51.3729
10.4500,51.0719
10.4600,50.7709
10.4700,50.4699
10.4800,50.1689
10.4900,49.8679
10.5000,49.5669
10.5100,49.2659
10.5200,48.9649
10.5300,48.6639
10.5400,48.3629
10.5500,48.0619
10.5600,47.7609
10.5700,47.4599
10.5800,47.1589
10.5900,46.8579
10.6000,46.5569
10.6100,46.2559
10.6200,45.9549
10.6300,45.6539
10.6400,45.3529
10.6500,45.0519
10.6600,44.7509
10.6700,44.4499
10.6800,44.1489
10.6900,43.8479
10.7000,43.5468
10.7100,43.2458
10.7200,42.9448
10.7300,42.6438
10.7400,42.3428
10.7500,42.0418
10.7600,41.7408
10.7700,41.4398
10.7800,41.1388
10.7900,40.8378
10.8000,40.5368
10.8100,40.2358
10.8200,39.9348
10.8300,39.6338
10.8400,39.3328
10.8500,39.0318
10.8600,38.7308
10.8700,38.4298
10.8800,38.1288
10.8900,37.8278
10.9000,37.5268
10.9100,37.2258
10.9200,36.9248
10.9300,36.6238
10.9400,36.3228
10.9500,36.0218
10.9600,35.7208
10.9700,35.4198
10.9800,35.1188
10.9900,34.8178
11.0000,34.5167
11.0100,34.2157
11.0200,33.9147
11.0300,33.6137
11.0400,33.3127
11.0500,33.0117
11.0600,32.7107
11.0700,32.4097
11.0800,32.1087
11.0900,31.8077
11.1000,31.5067
11.1100,31.2057
11.1200,30.9047
11.1300,30.6037
11.1400,30.3027
11.1500,30.0017
11.1600,29.7007
11.1700,29.3997
11.1800,29.0987
11.1900,28.7977
11.2000,28.4967
11.2100,28.1957
11.2200,27.8947
11.2300,27.5937
11.2400,27.2927
11.2500,26.9917
11.2600,26.6907
11.2700,26.3897
11.2800,26.0887
11.2900,25.7877
11.3000,25.4866
11.3100,25.1856
11.3200,24.8846
11.3300,24.5836
11.3400,24.2826
11.3500,23.9816
11.3600,23.6806
11.3700,23.3796
11.3800,23.0786
11.3900,22.7776
11.4000,22.4766
11.4100,22.1756
11.4200,21.8746
11.4300,21.5736
11.4400,21.2726
11.4500,20.9716
11.4600,20.6706
11.4700,20.3696
11.4800,20.0686
11.4900,19.7676
11.5000,19.4666
11.5100,19.1656
11.5200,18.8646
11.5300,18.5636
11.5400,18.2626
11.5500,17.9616
11.5600,17.6606
11.5700,17.3596
11.5800,17.0586
11.5900,16.7576
11.6000,16.4565
11.6100,16.1555
11.6200,15.8545
11.6300,15.5535
11.6400,15.2525
11.6500,14.9515
11.6600,14.6505
11.6700,14.3495
11.6800,14.0485
11.6900,13.7475
11.7000,13.4465
11.7100,13.1455
11.7200,12.8445
11.7300,12.5435
11.7400,12.2425
11.7500,11.9415
11.7600,11.6405
11.7700,11.3395
11.7800,11.0385
11.7900,10.7375
11.8000,10.4365
11.8100,10.1355
11.8200,9.8345
11.8300,9.5335
11.8400,9.2325
11.8500,8.9315
11.8600,8.6305
11.8700,8.3295
11.8800,8.0285
11.8900,7.7275
11.9000,7.4264
11.9100,7.1254
11.9200,6.8244
11.9300,6.5234
11.9400,6.2224
11.9500,5.9214
11.9600,5.6204
11.9700,5.3194
11.9800,5.0184
11.9900,4.7174
12.0000,4.7174
12.0100,5.0184
12.0200,5.3194
12.0300,5.6204
12.0400,5.9214
12.0500,6.2224
12.0600,6.5234
12.0700,6.8244
12.0800,7.1254
12.0900,7.4264
12.1000,7.7275
12.1100,8.0285
12.1200,8.3295
12.1300,8.6305
12.1400,8.9315
12.1500,9.2325
12.1600,9.5335
12.1700,9.8345
12.1800,10.1355
12.1900,10.4365
12.2000,10.7375
12.2100,11.0385
12.2200,11.3395
12.2300,11.6405
12.2400,11.9415
12.2500,12.2425
12.2600,12.5435
12.2700,12.8445
12.2800,13.1455
12.2900,13.4465
12.3000,13.7475
12.3100,14.0485
12.3200,14.3495
12.3300,14.6505
12.3400,14.9515
12.3500,15.2525
12.3600,15.5535
12.3700,15.8545
12.3800,16.1555
12.3900,16.4565
12.4000,16.7576
12.4100,17.0586
12.4200,17.3596
12.4300,17.6606
12.4400,17.9616
12.4500,18.2626
12.4600,18.5636
12.4700,18.8646
12.4800,19.1656
12.4900,19.4666
12.5000,19.7676
12.5100,20.0686
12.5200,20.3696
12.5300,20.6706
12.5400,20.9716
12.5500,21.2726
12.5600,21.5736
12.5700,21.8746
12.5800,22.1756
12.5900,22.4766
12.6000,22.7776
12.6100,23.0786
12.6200,23.3796
12.6300,23.6806
12.6400,23.9816
12.6500,24.2826
12.6600,24.5836
12.6700,24.8846
12.6800,25.1856
12.6900,25.4866
12.7000,25.7877
12.7100,26.0887
12.7200,26.3897
12.7300,26.6907
12.7400,26.9917
12.7500,27.2927
12.7600,27.5937
12.7700,27.8947
12.7800,28.1957
12.7900,28.4967
12.8000,28.7977
12.8100,29.0987
12.8200,29.3997
12.8300,29.7007
12.8400,30.0017
12.8500,30.3027
12.8600,30.6037
12.8700,30.9047
12.8800,31.2057
12.8900,31.5067
12.9000,31.8077
12.9100,32.1087
12.9200,32.4097
12.9300,32.7107
12.9400,33.0117
12.9500,33.3127
12.9600,33.6137
12.9700,33.9147
12.9800,34.2157
12.9900,34.5167
13.0000,34.8178
13.0100,35.1188
13.0200,35.4198
13.0300,35.7208
13.0400,36.0218
13.0500,36.3228
13.0600,36.6238
13.0700,36.9248
13.0800,37.2258
13.0900,37.5268
13.1000,37.8278
13.1100,38.1288
13.1200,38.4298
13.1300,38.7308
13.1400,39.0318
13.1500,39.3328
13.1600,39.6338
13.1700,39.9348
13.1800,40.2358
13.1900,40.5368
13.2000,40.8378
13.2100,41.1388
13.2200,41.4398
13.2300,41.7408
13.2400,42.0418
13.2500,42.3428
13.2600,42.6438
13.2700,42.9448
13.2800,43.2458
13.2900,43.5468
13.3000,43.8479
13.3100,44.1489
13.3200,44.4499
13.3300,44.7509
13.3400,45.0519
13.3500,45.3529
13.3600,45.6539
13.3700,45.9549
13.3800,46.2559
13.3900,46.5569
13.4000,46.8579
13.4100,47.1589
13.4200,47.4599
13.4300,47.7609
13.4400,48.0619
13.4500,48.3629
13.4600,48.6639
13.4700,48.9649
13.4800,49.2659
13.4900,49.5669
13.5000,49.8679
13.5100,50.1689
13.5200,50.4699
13.5300,50.7709
13.5400,51.0719
13.5500,51.3729
13.5600,51.6739
13.5700,51.9749
13.5800,52.2759
13.5900,52.5769
13.6000,52.8780
13.6100,53.1790
13.6200,53.4800
13.6300,53.7810
13.6400,54.0820
13.6500,54.3830
13.6600,54.6840
13.6700,54.9850
13.6800,55.2860
13.6900,55.5870
13.7000,55.8880
13.7100,56.1890
13.7200,56.4900
13.7300,56.7910
13.7400,57.0920
13.7500,57.3930
13.7600,57.6940
13.7700,57.9950
13.7800,58.2960
13.7900,58.5970
13.8000,58.8980
13.8100,59.1990
13.8200,59.5000
13.8300,59.8010
13.8400,60.1020
13.8500,60.4030
13.8600,60.7040
13.8700,61.0050
13.8800,61.3060
13.8900,61.6070
13.9000,61.9081
13.9100,62.2091
13.9200,62.5101
13.9300,62.8111
13.9400,63.1121
13.9500,63.4131
13.9600,63.7141
13.9700,64.0151
13.9800,64.3161
13.9900,64.6171
14.0000,64.9181
14.0100,65.2191
14.0200,65.5201
14.0300,65.8211
14.0400,66.1221
14.0500,66.4231
14.0600,66.7241
14.0700,67.0251
14.0800,67.3261
14.0900,67.6271
14.1000,67.9281
14.1100,68.2291
14.1200,68.5301
14.1300,68.8311
14.1400,69.1321
14.1500,69.4331
14.1600,69.7341
14.1700,70.0351
14.1800,70.3361
14.1900,70.6371
14.2000,70.9382
14.2100,71.2392
14.2200,71.5402
14.2300,71.8412
14.2400,72.1422
14.2500,72.4432
14.2600,72.7442
14.2700,73.0452
14.2800,73.3462
14.2900,73.6472
14.3000,73.9482
14.3100,74.2492
14.3200,74.5502
14.3300,74.8512
14.3400,75.1522
14.3500,75.4532
14.3600,75.7542
14.3700,76.0552
14.3800,76.3562
14.3900,76.6572
14.4000,76.9582
14.4100,77.2592
14.4200,77.5602
14.4300,77.8612
14.4400,78.1622
14.4500,78.4632
14.4600,78.7642
14.4700,79.0652
14.4800,79.3662
14.4900,79.6672
14.5000,79.9683
14.5100,80.2693
14.5200,80.5703
14.5300,80.8713
14.5400,81.1723
14.5500,81.4733
14.5600,81.7743
14.5700,82.0753
14.5800,82.3763
14.5900,82.6773
14.6000,82.9783
14.6100,83.2793
14.6200,83.5803
14.6300,83.8813
14.6400,84.1823
14.6500,84.4833
14.6600,84.7843
14.6700,85.0853
14.6800,85.3863
14.6900,85.6873
14.7000,85.9883
14.7100,86.2893
14.7200,86.5903
14.7300,86.8913
14.7400,87.1923
14.7500,87.4933
14.7600,87.7943
14.7700,88.0953
14.7800,88.3963
14.7900,88.6973
14.8000,88.9984
14.8100,89.2994
14.8200,89.6004
14.8300,89.9014
14.8400,90.2024
14.8500,90.5034
14.8600,90.8044
14.8700,91.1054
14.8800,91.4064
14.8900,91.7074
14.9000,92.0084
14.9100,92.3094
14.9200,92.6104
14.9300,92.9114
14.9400,93.2124
14.9500,93.5134
14.9600,93.8144
14.9700,94.1154
14.9800,94.4164
14.9900,94.7174
15.0000,94.7174
15.0100,96.0556
15.0200,97.0943
15.0300,97.9615
15.0400,98.7137
15.0500,99.3816
15.0600,99.9841
15.0700,100.5341
15.0800,101.0403
15.0900,101.5095
15.1000,101.9467
15.1100,102.3559
15.1200,102.7402
15.1300,103.1023
15.1400,103.4443
15.1500,103.7679
15.1600,104.0747
15.1700,104.3661
15.1800,104.6431
15.1900,104.9067
15.2000,105.1579
15.2100,105.3973
15.2200,105.6257
15.2300,105.8436
15.2400,106.0517
15.2500,106.2503
15.2600,106.4400
15.2700,106.6212
15.2800,106.7942
15.2900,106.9593
15.3000,107.1169
15.3100,107.2672
15.3200,107.4105
15.3300,107.5471
15.3400,107.6772
15.3500,107.8009
15.3600,107.9186
15.3700,108.0302
15.3800,108.1361
15.3900,108.2364
15.4000,108.3312
15.4100,108.4207
15.4200,108.5049
15.4300,108.5841
15.4400,108.6583
15.4500,108.7277
15.4600,108.7922
15.4700,108.8522
15.4800,108.9075
15.4900,108.9583
15.5000,109.0048
15.5100,109.0469
15.5200,109.0847
15.5300,109.1184
15.5400,109.1479
15.5500,109.1734
15.5600,109.1949
15.5700,109.2124
15.5800,109.2261
15.5900,109.2359
15.6000,109.2419
15.6100,109.2442
15.6200,109.2428
15.6300,109.2378
15.6400,109.2291
15.6500,109.2169
15.6600,109.2012
15.6700,109.1820
15.6800,109.1593
15.6900,109.1332
15.7000,109.1037
15.7100,109.0708
15.7200,109.0347
15.7300,108.9952
15.7400,108.9525
15.7500,108.9065
15.7600,108.8573
15.7700,108.8049
15.7800,108.7494
15.7900,108.6907
15.8000,108.6289
15.8100,108.5641
15.8200,108.4961
15.8300,108.4251
15.8400,108.3511
15.8500,108.2740
15.8600,108.1940
15.8700,108.1110
15.8800,108.0251
15.8900,107.9362
15.9000,107.8444
15.9100,107.7497
15.9200,107.6521
15.9300,107.5517
15.9400,107.4484
15.9500,107.3423
15.9600,107.2334
15.9700,107.1216
15.9800,107.0071
15.9900,106.8898
16.0000,106.7698
16.0100,106.6470
16.0200,106.5215
16.0300,106.3932
16.0400,106.2623
16.0500,106.1287
16.0600,105.9924
16.0700,105.8535
16.0800,105.7119
16.0900,105.5677
16.1000,105.4209
16.1100,105.2714
16.1200,105.1194
16.1300,104.9648
16.1400,104.8077
16.1500,104.6479
16.1600,104.4857
16.1700,104.3209
16.1800,104.1536
16.1900,103.9838
16.2000,103.8115
16.2100,103.6368
16.2200,103.4596
16.2300,103.2799
16.2400,103.0978
16.2500,102.9133
16.2600,102.7264
16.2700,102.5370
16.2800,102.3453
16.2900,102.1512
16.3000,101.9548
16.3100,101.7560
16.3200,101.5549
16.3300,101.3515
16.3400,101.1458
16.3500,100.9378
16.3600,100.7275
16.3700,100.5149
16.3800,100.3001
16.3900,100.0831
16.4000,99.8638
16.4100,99.6424
16.4200,99.4187
16.4300,99.1929
16.4400,98.9649
16.4500,98.7347
16.4600,98.5025
16.4700,98.2681
16.4800,98.0316
16.4900,97.7930
16.5000,97.5523
16.5100,97.3095
16.5200,97.0648
16.5300,96.8179
16.5400,96.5691
16.5500,96.3183
16.5600,96.0654
16.5700,95.8106
16.5800,95.5539
16.5900,95.2952
16.6000,95.0346
16.6100,94.7721
16.6200,94.5076
16.6300,94.2413
16.6400,93.9732
16.6500,93.7032
16.6600,93.4313
16.6700,93.1577
16.6800,92.8822
16.6900,92.6050
16.7000,92.3260
16.7100,92.0452
16.7200,91.7627
16.7300,91.4785
16.7400,91.1926
16.7500,90.9050
16.7600,90.6157
16.7700,90.3248
16.7800,90.0322
16.7900,89.7380
16.8000,89.4422
16.8100,89.1448
16.8200,88.8459
16.8300,88.5454
16.8400,88.2433
16.8500,87.9397
16.8600,87.6346
16.8700,87.3280
16.8800,87.0199
16.8900,86.7104
16.9000,86.3994
16.9100,86.0870
16.9200,85.7732
16.9300,85.4579
16.9400,85.1413
16.9500,84.8233
16.9600,84.5040
16.9700,84.1833
16.9800,83.8613
16.9900,83.5380
17.0000,83.2133
17.0100,82.8875
17.0200,82.5603
17.0300,82.2319
17.0400,81.9022
17.0500,81.5713
17.0600,81.2392
17.0700,80.9060
17.0800,80.5715
17.0900,80.2359
17.1000,79.8991
17.1100,79.5611
17.1200,79.2221
17.1300,78.8819
17.1400,78.5406
17.1500,78.1982
17.1600,77.8547
17.1700,77.5102
17.1800,77.1646
17.1900,76.8179
17.2000,76.4703
17.2100,76.1216
17.2200,75.7718
17.2300,75.4211
17.2400,75.0694
17.2500,74.7167
17.2600,74.3630
17.2700,74.0084
17.2800,73.6528
17.2900,73.2962
17.3000,72.9388
17.3100,72.5803
17.3200,72.2210
17.3300,71.8607
17.3400,71.4996
17.3500,71.1375
17.3600,70.7745
17.3700,70.4107
17.3800,70.0459
17.3900,69.6803
17.4000,69.3138
17.4100,68.9464
17.4200,68.5782
17.4300,68.2091
17.4400,67.8391
17.4500,67.4683
17.4600,67.0967
17.4700,66.7242
17.4800,66.3508
17.4900,65.9766
17.5000,65.6016
17.5100,65.2257
17.5200,64.8489
17.5300,64.4714
17.5400,64.0929
17.5500,63.7137
17.5600,63.3335
17.5700,62.9526
17.5800,62.5708
17.5900,62.1881
17.6000,61.8045
17.6100,61.4201
17.6200,61.0349
17.6300,60.6487
17.6400,60.2617
17.6500,59.8738
17.6600,59.4850
17.6700,59.0953
17.6800,58.7047
17.6900,58.3132
17.7000,57.9207
17.7100,57.5273
17.7200,57.1330
17.7300,56.7377
17.7400,56.3414
17.7500,55.9442
17.7600,55.5459
17.7700,55.1467
17.7800,54.7464
17.7900,54.3451
17.8000,53.9427
17.8100,53.5392
17.8200,53.1346
17.8300,52.7289
17.8400,52.3221
17.8500,51.9141
17.8600,51.5050
17.8700,51.0946
17.8800,50.6830
17.8900,50.2701
17.9000,49.8560
17.9100,49.4405
17.9200,49.0237
17.9300,48.6055
17.9400,48.1859
17.9500,47.7649
17.9600,47.3423
17.9700,46.9183
17.9800,46.4927
17.9900,46.0655
