0.0000,-62.8463
0.0100,-62.7298
0.0200,-62.6131
0.0300,-62.4962
0.0400,-62.3791
0.0500,-62.2617
0.0600,-62.1442
0.0700,-62.0264
0.0800,-61.9084
0.0900,-61.7902
0.1000,-61.6717
0.1100,-61.5531
0.1200,-61.4342
0.1300,-61.3151
0.1400,-61.1957
0.1500,-61.0761
0.1600,-60.9563
0.1700,-60.8363
0.1800,-60.7160
0.1900,-60.5955
0.2000,-60.4748
0.2100,-60.3538
0.2200,-60.2326
0.2300,-60.1112
0.2400,-59.9895
0.2500,-59.8675
0.2600,-59.7453
0.2700,-59.6229
0.2800,-59.5003
0.2900,-59.3773
0.3000,-59.2542
0.3100,-59.1307
0.3200,-59.0071
0.3300,-58.8831
0.3400,-58.7590
0.3500,-58.6345
0.3600,-58.5098
0.3700,-58.3848
0.3800,-58.2596
0.3900,-58.1341
0.4000,-58.0084
0.4100,-57.8823
0.4200,-57.7561
0.4300,-57.6295
0.4400,-57.5027
0.4500,-57.3755
0.4600,-57.2482
0.4700,-57.1205
0.4800,-56.9925
0.4900,-56.8643
0.5000,-56.7358
0.5100,-56.6070
0.5200,-56.4779
0.5300,-56.3485
0.5400,-56.2189
0.5500,-56.0889
0.5600,-55.9587
0.5700,-55.8281
0.5800,-55.6973
0.5900,-55.5661
0.6000,-55.4346
0.6100,-55.3029
0.6200,-55.1708
0.6300,-55.0384
0.6400,-54.9057
0.6500,-54.7727
0.6600,-54.6394
0.6700,-54.5057
0.6800,-54.3718
0.6900,-54.2375
0.7000,-54.1029
0.7100,-53.9679
0.7200,-53.8326
0.7300,-53.6970
0.7400,-53.5611
0.7500,-53.4248
0.7600,-53.2881
0.7700,-53.1512
0.7800,-53.0139
0.7900,-52.8762
0.8000,-52.7382
0.8100,-52.5998
0.8200,-52.4611
0.8300,-52.3220
0.8400,-52.1825
0.8500,-52.0427
0.8600,-51.9025
0.8700,-51.7619
0.8800,-51.6210
0.8900,-51.4797
0.9000,-51.3380
0.9100,-51.1959
0.9200,-51.0534
0.9300,-50.9106
0.9400,-50.7673
0.9500,-50.6237
0.9600,-50.4796
0.9700,-50.3352
0.9800,-50.1903
0.9900,-50.0450
1.0000,-49.8993
1.0100,-49.7532
1.0200,-49.6067
1.0300,-49.4597
1.0400,-49.3124
1.0500,-49.1645
1.0600,-49.0163
1.0700,-48.8676
1.0800,-48.7185
1.0900,-48.5689
1.1000,-48.4188
1.1100,-48.2683
1.1200,-48.1174
1.1300,-47.9660
1.1400,-47.8141
1.1500,-47.6617
1.1600,-47.5088
1.1700,-47.3555
1.1800,-47.2017
1.1900,-47.0474
1.2000,-46.8926
1.2100,-46.7373
1.2200,-46.5814
1.2300,-46.4251
1.2400,-46.2682
1.2500,-46.1109
1.2600,-45.9530
1.2700,-45.7945
1.2800,-45.6355
1.2900,-45.4760
1.3000,-45.3159
1.3100,-45.1553
1.3200,-44.9941
1.3300,-44.8323
1.3400,-44.6700
1.3500,-44.5071
1.3600,-44.3435
1.3700,-44.1794
1.3800,-44.0147
1.3900,-43.8494
1.4000,-43.6835
1.4100,-43.5169
1.4200,-43.3498
1.4300,-43.1819
1.4400,-43.0135
1.4500,-42.8444
1.4600,-42.6746
1.4700,-42.5042
1.4800,-42.3331
1.4900,-42.1613
1.5000,-41.9888
1.5100,-41.8156
1.5200,-41.6417
1.5300,-41.4671
1.5400,-41.2918
1.5500,-41.1157
1.5600,-40.9389
1.5700,-40.7613
1.5800,-40.5830
1.5900,-40.4039
1.6000,-40.2240
1.6100,-40.0433
1.6200,-39.8618
1.6300,-39.6795
1.6400,-39.4964
1.6500,-39.3124
1.6600,-39.1276
1.6700,-38.9419
1.6800,-38.7553
1.6900,-38.5678
1.7000,-38.3795
1.7100,-38.1902
1.7200,-38.0000
1.7300,-37.8088
1.7400,-37.6167
1.7500,-37.4236
1.7600,-37.2296
1.7700,-37.0345
1.7800,-36.8384
1.7900,-36.6413
1.8000,-36.4431
1.8100,-36.2439
1.8200,-36.0436
1.8300,-35.8421
1.8400,-35.6396
1.8500,-35.4359
1.8600,-35.2310
1.8700,-35.0250
1.8800,-34.8177
1.8900,-34.6092
1.9000,-34.3995
1.9100,-34.1885
1.9200,-33.9763
1.9300,-33.7627
1.9400,-33.5477
1.9500,-33.3314
1.9600,-33.1137
1.9700,-32.8945
1.9800,-32.6740
1.9900,-32.4519
2.0000,-32.4519
2.0100,-32.6475
2.0200,-32.8461
2.0300,-33.0477
2.0400,-33.2521
2.0500,-33.4590
2.0600,-33.6683
2.0700,-33.8798
2.0800,-34.0934
2.0900,-34.3089
2.1000,-34.5262
2.1100,-34.7450
2.1200,-34.9652
2.1300,-35.1867
2.1400,-35.4092
2.1500,-35.6328
2.1600,-35.8571
2.1700,-36.0820
2.1800,-36.3074
2.1900,-36.5332
2.2000,-36.7591
2.2100,-36.9851
2.2200,-37.2110
2.2300,-37.4367
2.2400,-37.6620
2.2500,-37.8868
2.2600,-38.1110
2.2700,-38.3345
2.2800,-38.5570
2.2900,-38.7786
2.3000,-38.9990
2.3100,-39.2181
2.3200,-39.4359
2.3300,-39.6522
2.3400,-39.8669
2.3500,-40.0799
2.3600,-40.2911
2.3700,-40.5003
2.3800,-40.7076
2.3900,-40.9126
2.4000,-41.1155
2.4100,-41.3160
2.4200,-41.5140
2.4300,-41.7096
2.4400,-41.9025
2.4500,-42.0927
2.4600,-42.2801
2.4700,-42.4646
2.4800,-42.6461
2.4900,-42.8246
2.5000,-43.0000
2.5100,-43.1721
2.5200,-43.3410
2.5300,-43.5065
2.5400,-43.6685
2.5500,-43.8270
2.5600,-43.9820
2.5700,-44.1333
2.5800,-44.2809
2.5900,-44.4247
2.6000,-44.5647
2.6100,-44.7007
2.6200,-44.8329
2.6300,-44.9610
2.6400,-45.0850
2.6500,-45.2050
2.6600,-45.3207
2.6700,-45.4323
2.6800,-45.5396
2.6900,-45.6426
2.7000,-45.7412
2.7100,-45.8354
2.7200,-45.9253
2.7300,-46.0106
2.7400,-46.0915
2.7500,-46.1678
2.7600,-46.2396
2.7700,-46.3067
2.7800,-46.3693
2.7900,-46.4272
2.8000,-46.4804
2.8100,-46.5290
2.8200,-46.5728
2.8300,-46.6119
2.8400,-46.6463
2.8500,-46.6759
2.8600,-46.7007
2.8700,-46.7208
2.8800,-46.7361
2.8900,-46.7465
2.9000,-46.7522
2.9100,-46.7531
2.9200,-46.7492
2.9300,-46.7405
2.9400,-46.7270
2.9500,-46.7087
2.9600,-46.6856
2.9700,-46.6577
2.9800,-46.6251
2.9900,-46.5878
3.0000,-46.5457
3.0100,-46.4988
3.0200,-46.4473
3.0300,-46.3912
3.0400,-46.3303
3.0500,-46.2648
3.0600,-46.1948
3.0700,-46.1201
3.0800,-46.0409
3.0900,-45.9572
3.1000,-45.8690
3.1100,-45.7764
3.1200,-45.6794
3.1300,-45.5780
3.1400,-45.4723
3.1500,-45.3623
3.1600,-45.2481
3.1700,-45.1297
3.1800,-45.0072
3.1900,-44.8805
3.2000,-44.7499
3.2100,-44.6152
3.2200,-44.4767
3.2300,-44.3343
3.2400,-44.1881
3.2500,-44.0381
3.2600,-43.8845
3.2700,-43.7273
3.2800,-43.5666
3.2900,-43.4023
3.3000,-43.2347
3.3100,-43.0638
3.3200,-42.8896
3.3300,-42.7123
3.3400,-42.5318
3.3500,-42.3484
3.3600,-42.1621
3.3700,-41.9729
3.3800,-41.7809
3.3900,-41.5864
3.4000,-41.3892
3.4100,-41.1896
3.4200,-40.9876
3.4300,-40.7834
3.4400,-40.5769
3.4500,-40.3684
3.4600,-40.1579
3.4700,-39.9456
3.4800,-39.7315
3.4900,-39.5158
3.5000,-39.2985
3.5100,-39.0799
3.5200,-38.8599
3.5300,-38.6388
3.5400,-38.4166
3.5500,-38.1934
3.5600,-37.9695
3.5700,-37.7449
3.5800,-37.5198
3.5900,-37.2942
3.6000,-37.0683
3.6100,-36.8424
3.6200,-36.6164
3.6300,-36.3905
3.6400,-36.1650
3.6500,-35.9398
3.6600,-35.7153
3.6700,-35.4915
3.6800,-35.2685
3.6900,-35.0466
3.7000,-34.8259
3.7100,-34.6066
3.7200,-34.3888
3.7300,-34.1726
3.7400,-33.9583
3.7500,-33.7459
3.7600,-33.5358
3.7700,-33.3280
3.7800,-33.1227
3.7900,-32.9201
3.8000,-32.7203
3.8100,-32.5236
3.8200,-32.3300
3.8300,-32.1399
3.8400,-31.9532
3.8500,-31.7703
3.8600,-31.5913
3.8700,-31.4164
3.8800,-31.2457
3.8900,-31.0794
3.9000,-30.9177
3.9100,-30.7607
3.9200,-30.6087
3.9300,-30.4617
3.9400,-30.3199
3.9500,-30.1836
3.9600,-30.0528
3.9700,-29.9277
3.9800,-29.8084
3.9900,-29.6951
4.0000,-32.4519
4.0100,-32.6475
4.0200,-32.8461
4.0300,-33.0477
4.0400,-33.2521
4.0500,-33.4590
4.0600,-33.6683
4.0700,-33.8798
4.0800,-34.0934
4.0900,-34.3089
4.1000,-34.5262
4.1100,-34.7450
4.1200,-34.9652
4.1300,-35.1867
4.1400,-35.4092
4.1500,-35.6328
4.1600,-35.8571
4.1700,-36.0820
4.1800,-36.3074
4.1900,-36.5332
4.2000,-36.7591
4.2100,-36.9851
4.2200,-37.2110
4.2300,-37.4367
4.2400,-37.6620
4.2500,-37.8868
4.2600,-38.1110
4.2700,-38.3345
4.2800,-38.5570
4.2900,-38.7786
4.3000,-38.9990
4.3100,-39.2181
4.3200,-39.4359
4.3300,-39.6522
4.3400,-39.8669
4.3500,-40.0799
4.3600,-40.2911
4.3700,-40.5003
4.3800,-40.7076
4.3900,-40.9126
4.4000,-41.1155
4.4100,-41.3160
4.4200,-41.5140
4.4300,-41.7096
4.4400,-41.9025
4.4500,-42.0927
4.4600,-42.2801
4.4700,-42.4646
4.4800,-42.6461
4.4900,-42.8246
4.5000,-43.0000
4.5100,-43.1721
4.5200,-43.3410
4.5300,-43.5065
4.5400,-43.6685
4.5500,-43.8270
4.5600,-43.9820
4.5700,-44.1333
4.5800,-44.2809
4.5900,-44.4247
4.6000,-44.5647
4.6100,-44.7007
4.6200,-44.8329
4.6300,-44.9610
4.6400,-45.0850
4.6500,-45.2050
4.6600,-45.3207
4.6700,-45.4323
4.6800,-45.5396
4.6900,-45.6426
4.7000,-45.7412
4.7100,-45.8354
4.7200,-45.9253
4.7300,-46.0106
4.7400,-46.0915
4.7500,-46.1678
4.7600,-46.2396
4.7700,-46.3067
4.7800,-46.3693
4.7900,-46.4272
4.8000,-46.4804
4.8100,-46.5290
4.8200,-46.5728
4.8300,-46.6119
4.8400,-46.6463
4.8500,-46.6759
4.8600,-46.7007
4.8700,-46.7208
4.8800,-46.7361
4.8900,-46.7465
4.9000,-46.7522
4.9100,-46.7531
4.9200,-46.7492
4.9300,-46.7405
4.9400,-46.7270
4.9500,-46.7087
4.9600,-46.6856
4.9700,-46.6577
4.9800,-46.6251
4.9900,-46.5878
5.0000,-46.5457
5.0100,-46.4988
5.0200,-46.4473
5.0300,-46.3912
5.0400,-46.3303
5.0500,-46.2648
5.0600,-46.1948
5.0700,-46.1201
5.0800,-46.0409
5.0900,-45.9572
5.1000,-45.8690
5.1100,-45.7764
5.1200,-45.6794
5.1300,-45.5780
5.1400,-45.4723
5.1500,-45.3623
5.1600,-45.2481
5.1700,-45.1297
5.1800,-45.0072
5.1900,-44.8805
5.2000,-44.7499
5.2100,-44.6152
5.2200,-44.4767
5.2300,-44.3343
5.2400,-44.1881
5.2500,-44.0381
5.2600,-43.8845
5.2700,-43.7273
5.2800,-43.5666
5.2900,-43.4023
5.3000,-43.2347
5.3100,-43.0638
5.3200,-42.8896
5.3300,-42.7123
5.3400,-42.5318
5.3500,-42.3484
5.3600,-42.1621
5.3700,-41.9729
5.3800,-41.7809
5.3900,-41.5864
5.4000,-41.3892
5.4100,-41.1896
5.4200,-40.9876
5.4300,-40.7834
5.4400,-40.5769
5.4500,-40.3684
5.4600,-40.1579
5.4700,-39.9456
5.4800,-39.7315
5.4900,-39.5158
5.5000,-39.2985
5.5100,-39.0799
5.5200,-38.8599
5.5300,-38.6388
5.5400,-38.4166
5.5500,-38.1934
5.5600,-37.9695
5.5700,-37.7449
5.5800,-37.5198
5.5900,-37.2942
5.6000,-37.0683
5.6100,-36.8424
5.6200,-36.6164
5.6300,-36.3905
5.6400,-36.1650
5.6500,-35.9398
5.6600,-35.7153
5.6700,-35.4915
5.6800,-35.2685
5.6900,-35.0466
5.7000,-34.8259
5.7100,-34.6066
5.7200,-34.3888
5.7300,-34.1726
5.7400,-33.9583
5.7500,-33.7459
5.7600,-33.5358
5.7700,-33.3280
5.7800,-33.1227
5.7900,-32.9201
5.8000,-32.7203
5.8100,-32.5236
5.8200,-32.3300
5.8300,-32.1399
5.8400,-31.9532
5.8500,-31.7703
5.8600,-31.5913
5.8700,-31.4164
5.8800,-31.2457
5.8900,-31.0794
5.9000,-30.9177
5.9100,-30.7607
5.9200,-30.6087
5.9300,-30.4617
5.9400,-30.3199
5.9500,-30.1836
5.9600,-30.0528
5.9700,-29.9277
5.9800,-29.8084
5.9900,-29.6951
6.0000,-29.6951
6.0100,-29.5879
6.0200,-29.4869
6.0300,-29.3924
6.0400,-29.3043
6.0500,-29.2228
6.0600,-29.1479
6.0700,-29.0799
6.0800,-29.0188
6.0900,-28.9646
6.1000,-28.9174
6.1100,-28.8773
6.1200,-28.8443
6.1300,-28.8186
6.1400,-28.8000
6.1500,-28.7887
6.1600,-28.7846
6.1700,-28.7878
6.1800,-28.7983
6.1900,-28.8160
6.2000,-28.8409
6.2100,-28.8730
6.2200,-28.9123
6.2300,-28.9586
6.2400,-29.0120
6.2500,-29.0723
6.2600,-29.1395
6.2700,-29.2135
6.2800,-29.2943
6.2900,-29.3816
6.3000,-29.4754
6.3100,-29.5756
6.3200,-29.6821
6.3300,-29.7946
6.3400,-29.9132
6.3500,-30.0377
6.3600,-30.1678
6.3700,-30.3035
6.3800,-30.4446
6.3900,-30.5910
6.4000,-30.7425
6.4100,-30.8988
6.4200,-31.0600
6.4300,-31.2258
6.4400,-31.3960
6.4500,-31.5704
6.4600,-31.7489
6.4700,-31.9314
6.4800,-32.1176
6.4900,-32.3073
6.5000,-32.5005
6.5100,-32.6968
6.5200,-32.8963
6.5300,-33.0986
6.5400,-33.3035
6.5500,-33.5111
6.5600,-33.7209
6.5700,-33.9330
6.5800,-34.1471
6.5900,-34.3631
6.6000,-34.5807
6.6100,-34.7999
6.6200,-35.0205
6.6300,-35.2422
6.6400,-35.4650
6.6500,-35.6888
6.6600,-35.9132
6.6700,-36.1383
6.6800,-36.3638
6.6900,-36.5896
6.7000,-36.8156
6.7100,-37.0416
6.7200,-37.2675
6.7300,-37.4931
6.7400,-37.7183
6.7500,-37.9430
6.7600,-38.1670
6.7700,-38.3902
6.7800,-38.6125
6.7900,-38.8338
6.8000,-39.0539
6.8100,-39.2727
6.8200,-39.4902
6.8300,-39.7061
6.8400,-39.9204
6.8500,-40.1329
6.8600,-40.3436
6.8700,-40.5523
6.8800,-40.7590
6.8900,-40.9636
6.9000,-41.1658
6.9100,-41.3657
6.9200,-41.5632
6.9300,-41.7580
6.9400,-41.9503
6.9500,-42.1398
6.9600,-42.3265
6.9700,-42.5103
6.9800,-42.6911
6.9900,-42.8688
7.0000,-43.0433
7.0100,-43.2147
7.0200,-43.3827
7.0300,-43.5473
7.0400,-43.7085
7.0500,-43.8661
7.0600,-44.0201
7.0700,-44.1705
7.0800,-44.3172
7.0900,-44.4600
7.1000,-44.5990
7.1100,-44.7341
7.1200,-44.8653
7.1300,-44.9924
7.1400,-45.1154
7.1500,-45.2343
7.1600,-45.3490
7.1700,-45.4595
7.1800,-45.5657
7.1900,-45.6676
7.2000,-45.7652
7.2100,-45.8583
7.2200,-45.9470
7.2300,-46.0313
7.2400,-46.1110
7.2500,-46.1862
7.2600,-46.2568
7.2700,-46.3228
7.2800,-46.3842
7.2900,-46.4409
7.3000,-46.4930
7.3100,-46.5404
7.3200,-46.5830
7.3300,-46.6209
7.3400,-46.6541
7.3500,-46.6825
7.3600,-46.7062
7.3700,-46.7251
7.3800,-46.7391
7.3900,-46.7484
7.4000,-46.7529
7.4100,-46.7526
7.4200,-46.7475
7.4300,-46.7375
7.4400,-46.7228
7.4500,-46.7033
7.4600,-46.6791
7.4700,-46.6500
7.4800,-46.6162
7.4900,-46.5777
7.5000,-46.5344
7.5100,-46.4864
7.5200,-46.4337
7.5300,-46.3764
7.5400,-46.3144
7.5500,-46.2478
7.5600,-46.1765
7.5700,-46.1007
7.5800,-46.0204
7.5900,-45.9356
7.6000,-45.8463
7.6100,-45.7526
7.6200,-45.6545
7.6300,-45.5520
7.6400,-45.4452
7.6500,-45.3342
7.6600,-45.2189
7.6700,-45.0994
7.6800,-44.9759
7.6900,-44.8482
7.7000,-44.7166
7.7100,-44.5810
7.7200,-44.4415
7.7300,-44.2981
7.7400,-44.1509
7.7500,-44.0001
7.7600,-43.8456
7.7700,-43.6874
7.7800,-43.5258
7.7900,-43.3607
7.8000,-43.1923
7.8100,-43.0205
7.8200,-42.8456
7.8300,-42.6674
7.8400,-42.4863
7.8500,-42.3021
7.8600,-42.1150
7.8700,-41.9251
7.8800,-41.7325
7.8900,-41.5373
7.9000,-41.3395
7.9100,-41.1393
7.9200,-40.9368
7.9300,-40.7319
7.9400,-40.5250
7.9500,-40.3160
7.9600,-40.1050
7.9700,-39.8922
7.9800,-39.6777
7.9900,-39.4616
8.0000,-39.4616
8.0100,-39.2440
8.0200,-39.0250
8.0300,-38.8047
8.0400,-38.5833
8.0500,-38.3609
8.0600,-38.1375
8.0700,-37.9134
8.0800,-37.6887
8.0900,-37.4634
8.1000,-37.2378
8.1100,-37.0119
8.1200,-36.7859
8.1300,-36.5599
8.1400,-36.3341
8.1500,-36.1086
8.1600,-35.8837
8.1700,-35.6593
8.1800,-35.4357
8.1900,-35.2130
8.2000,-34.9914
8.2100,-34.7710
8.2200,-34.5520
8.2300,-34.3345
8.2400,-34.1188
8.2500,-33.9050
8.2600,-33.6932
8.2700,-33.4836
8.2800,-33.2764
8.2900,-33.0718
8.3000,-32.8699
8.3100,-32.6708
8.3200,-32.4749
8.3300,-32.2822
8.3400,-32.0929
8.3500,-31.9072
8.3600,-31.7252
8.3700,-31.5472
8.3800,-31.3733
8.3900,-31.2037
8.4000,-31.0385
8.4100,-30.8780
8.4200,-30.7222
8.4300,-30.5714
8.4400,-30.4257
8.4500,-30.2853
8.4600,-30.1503
8.4700,-30.0209
8.4800,-29.8973
8.4900,-29.7795
8.5000,-29.6677
8.5100,-29.5621
8.5200,-29.4627
8.5300,-29.3697
8.5400,-29.2833
8.5500,-29.2034
8.5600,-29.1303
8.5700,-29.0640
8.5800,-29.0046
8.5900,-28.9521
8.6000,-28.9067
8.6100,-28.8684
8.6200,-28.8372
8.6300,-28.8133
8.6400,-28.7965
8.6500,-28.7870
8.6600,-28.7848
8.6700,-28.7898
8.6800,-28.8020
8.6900,-28.8216
8.7000,-28.8483
8.7100,-28.8822
8.7200,-28.9232
8.7300,-28.9713
8.7400,-29.0264
8.7500,-29.0885
8.7600,-29.1574
8.7700,-29.2331
8.7800,-29.3155
8.7900,-29.4044
8.8000,-29.4999
8.8100,-29.6016
8.8200,-29.7096
8.8300,-29.8237
8.8400,-29.9438
8.8500,-30.0697
8.8600,-30.2012
8.8700,-30.3383
8.8800,-30.4807
8.8900,-30.6284
8.9000,-30.7811
8.9100,-30.9387
8.9200,-31.1010
8.9300,-31.2679
8.9400,-31.4392
8.9500,-31.6147
8.9600,-31.7942
8.9700,-31.9776
8.9800,-32.1647
8.9900,-32.3553
9.0000,-32.5493
9.0100,-32.7464
9.0200,-32.9466
9.0300,-33.1496
9.0400,-33.3552
9.0500,-33.5633
9.0600,-33.7738
9.0700,-33.9864
9.0800,-34.2009
9.0900,-34.4173
9.1000,-34.6354
9.1100,-34.8549
9.1200,-35.0758
9.1300,-35.2978
9.1400,-35.5209
9.1500,-35.7448
9.1600,-35.9695
9.1700,-36.1946
9.1800,-36.4202
9.1900,-36.6461
9.2000,-36.8721
9.2100,-37.0981
9.2200,-37.3239
9.2300,-37.5494
9.2400,-37.7745
9.2500,-37.9990
9.2600,-38.2229
9.2700,-38.4459
9.2800,-38.6679
9.2900,-38.8889
9.3000,-39.1087
9.3100,-39.3272
9.3200,-39.5443
9.3300,-39.7598
9.3400,-39.9737
9.3500,-40.1858
9.3600,-40.3960
9.3700,-40.6042
9.3800,-40.8104
9.3900,-41.0143
9.4000,-41.2160
9.4100,-41.4153
9.4200,-41.6121
9.4300,-41.8064
9.4400,-41.9979
9.4500,-42.1867
9.4600,-42.3727
9.4700,-42.5558
9.4800,-42.7358
9.4900,-42.9127
9.5000,-43.0865
9.5100,-43.2570
9.5200,-43.4241
9.5300,-43.5879
9.5400,-43.7482
9.5500,-43.9050
9.5600,-44.0581
9.5700,-44.2075
9.5800,-44.3533
9.5900,-44.4952
9.6000,-44.6332
9.6100,-44.7673
9.6200,-44.8974
9.6300,-45.0235
9.6400,-45.1455
9.6500,-45.2634
9.6600,-45.3770
9.6700,-45.4865
9.6800,-45.5916
9.6900,-45.6924
9.7000,-45.7889
9.7100,-45.8809
9.7200,-45.9685
9.7300,-46.0516
9.7400,-46.1302
9.7500,-46.2043
9.7600,-46.2737
9.7700,-46.3386
9.7800,-46.3988
9.7900,-46.4544
9.8000,-46.5053
9.8100,-46.5515
9.8200,-46.5929
9.8300,-46.6297
9.8400,-46.6617
9.8500,-46.6889
9.8600,-46.7114
9.8700,-46.7290
9.8800,-46.7419
9.8900,-46.7500
9.9000,-46.7533
9.9100,-46.7517
9.9200,-46.7454
9.9300,-46.7343
9.9400,-46.7184
9.9500,-46.6977
9.9600,-46.6723
9.9700,-46.6420
9.9800,-46.6070
9.9900,-46.5673
10.0000,-46.5673
10.0100,-46.5228
10.0200,-46.4737
10.0300,-46.4198
10.0400,-46.3613
10.0500,-46.2982
10.0600,-46.2304
10.0700,-46.1580
10.0800,-46.0811
10.0900,-45.9996
10.1000,-45.9137
10.1100,-45.8233
10.1200,-45.7285
10.1300,-45.6293
10.1400,-45.5257
10.1500,-45.4178
10.1600,-45.3057
10.1700,-45.1894
10.1800,-45.0689
10.1900,-44.9443
10.2000,-44.8157
10.2100,-44.6831
10.2200,-44.5465
10.2300,-44.4060
10.2400,-44.2617
10.2500,-44.1136
10.2600,-43.9618
10.2700,-43.8064
10.2800,-43.6474
10.2900,-43.4849
10.3000,-43.3189
10.3100,-43.1497
10.3200,-42.9771
10.3300,-42.8013
10.3400,-42.6224
10.3500,-42.4405
10.3600,-42.2556
10.3700,-42.0678
10.3800,-41.8772
10.3900,-41.6840
10.4000,-41.4881
10.4100,-41.2897
10.4200,-41.0889
10.4300,-40.8858
10.4400,-40.6804
10.4500,-40.4729
10.4600,-40.2634
10.4700,-40.0520
10.4800,-39.8388
10.4900,-39.6239
10.5000,-39.4074
10.5100,-39.1894
10.5200,-38.9700
10.5300,-38.7495
10.5400,-38.5278
10.5500,-38.3051
10.5600,-38.0816
10.5700,-37.8573
10.5800,-37.6324
10.5900,-37.4070
10.6000,-37.1813
10.6100,-36.9554
10.6200,-36.7294
10.6300,-36.5034
10.6400,-36.2777
10.6500,-36.0524
10.6600,-35.8275
10.6700,-35.6033
10.6800,-35.3799
10.6900,-35.1575
10.7000,-34.9361
10.7100,-34.7161
10.7200,-34.4975
10.7300,-34.2804
10.7400,-34.0652
10.7500,-33.8518
10.7600,-33.6406
10.7700,-33.4316
10.7800,-33.2250
10.7900,-33.0210
10.8000,-32.8198
10.8100,-32.6215
10.8200,-32.4264
10.8300,-32.2345
10.8400,-32.0461
10.8500,-31.8613
10.8600,-31.6803
10.8700,-31.5033
10.8800,-31.3305
10.8900,-31.1620
10.9000,-30.9980
10.9100,-30.8386
10.9200,-30.6841
10.9300,-30.5345
10.9400,-30.3901
10.9500,-30.2511
10.9600,-30.1175
10.9700,-29.9895
10.9800,-29.8673
10.9900,-29.7510
11.0000,-29.6407
11.0100,-29.5366
11.0200,-29.4389
11.0300,-29.3475
11.0400,-29.2627
11.0500,-29.1845
11.0600,-29.1131
11.0700,-29.0485
11.0800,-28.9908
11.0900,-28.9401
11.1000,-28.8964
11.1100,-28.8599
11.1200,-28.8306
11.1300,-28.8084
11.1400,-28.7935
11.1500,-28.7858
11.1600,-28.7853
11.1700,-28.7922
11.1800,-28.8062
11.1900,-28.8276
11.2000,-28.8561
11.2100,-28.8918
11.2200,-28.9346
11.2300,-28.9844
11.2400,-29.0413
11.2500,-29.1051
11.2600,-29.1757
11.2700,-29.2531
11.2800,-29.3371
11.2900,-29.4277
11.3000,-29.5247
11.3100,-29.6281
11.3200,-29.7376
11.3300,-29.8532
11.3400,-29.9747
11.3500,-30.1020
11.3600,-30.2350
11.3700,-30.3734
11.3800,-30.5172
11.3900,-30.6661
11.4000,-30.8200
11.4100,-30.9788
11.4200,-31.1423
11.4300,-31.3103
11.4400,-31.4827
11.4500,-31.6592
11.4600,-31.8397
11.4700,-32.0240
11.4800,-32.2120
11.4900,-32.4035
11.5000,-32.5983
11.5100,-32.7962
11.5200,-32.9971
11.5300,-33.2007
11.5400,-33.4070
11.5500,-33.6157
11.5600,-33.8267
11.5700,-34.0398
11.5800,-34.2549
11.5900,-34.4717
11.6000,-34.6901
11.6100,-34.9100
11.6200,-35.1312
11.6300,-35.3535
11.6400,-35.5768
11.6500,-35.8009
11.6600,-36.0257
11.6700,-36.2510
11.6800,-36.4767
11.6900,-36.7026
11.7000,-36.9286
11.7100,-37.1546
11.7200,-37.3803
11.7300,-37.6057
11.7400,-37.8307
11.7500,-38.0551
11.7600,-38.2787
11.7700,-38.5015
11.7800,-38.7233
11.7900,-38.9440
11.8000,-39.1635
11.8100,-39.3816
11.8200,-39.5983
11.8300,-39.8134
11.8400,-40.0269
11.8500,-40.2385
11.8600,-40.4482
11.8700,-40.6559
11.8800,-40.8616
11.8900,-41.0650
11.9000,-41.2661
11.9100,-41.4647
11.9200,-41.6609
11.9300,-41.8545
11.9400,-42.0454
11.9500,-42.2335
11.9600,-42.4187
11.9700,-42.6010
11.9800,-42.7803
11.9900,-42.9564
12.0000,-32.4519
12.0100,-32.6740
12.0200,-32.8945
12.0300,-33.1137
12.0400,-33.3314
12.0500,-33.5477
12.0600,-33.7627
12.0700,-33.9763
12.0800,-34.1885
12.0900,-34.3995
12.1000,-34.6092
12.1100,-34.8177
12.1200,-35.0250
12.1300,-35.2310
12.1400,-35.4359
12.1500,-35.6396
12.1600,-35.8421
12.1700,-36.0436
12.1800,-36.2439
12.1900,-36.4431
12.2000,-36.6413
12.2100,-36.8384
12.2200,-37.0345
12.2300,-37.2296
12.2400,-37.4236
12.2500,-37.6167
12.2600,-37.8088
12.2700,-38.0000
12.2800,-38.1902
12.2900,-38.3795
12.3000,-38.5678
12.3100,-38.7553
12.3200,-38.9419
12.3300,-39.1276
12.3400,-39.3124
12.3500,-39.4964
12.3600,-39.6795
12.3700,-39.8618
12.3800,-40.0433
12.3900,-40.2240
12.4000,-40.4039
12.4100,-40.5830
12.4200,-40.7613
12.4300,-40.9389
12.4400,-41.1157
12.4500,-41.2918
12.4600,-41.4671
12.4700,-41.6417
12.4800,-41.8156
12.4900,-41.9888
12.5000,-42.1613
12.5100,-42.3331
12.5200,-42.5042
12.5300,-42.6746
12.5400,-42.8444
12.5500,-43.0135
12.5600,-43.1819
12.5700,-43.3498
12.5800,-43.5169
12.5900,-43.6835
12.6000,-43.8494
12.6100,-44.0147
12.6200,-44.1794
12.6300,-44.3435
12.6400,-44.5071
12.6500,-44.6700
12.6600,-44.8323
12.6700,-44.9941
12.6800,-45.1553
12.6900,-45.3159
12.7000,-45.4760
12.7100,-45.6355
12.7200,-45.7945
12.7300,-45.9530
12.7400,-46.1109
12.7500,-46.2682
12.7600,-46.4251
12.7700,-46.5814
12.7800,-46.7373
12.7900,-46.8926
12.8000,-47.0474
12.8100,-47.2017
12.8200,-47.3555
12.8300,-47.5088
12.8400,-47.6617
12.8500,-47.8141
12.8600,-47.9660
12.8700,-48.1174
12.8800,-48.2683
12.8900,-48.4188
12.9000,-48.5689
12.9100,-48.7185
12.9200,-48.8676
12.9300,-49.0163
12.9400,-49.1645
12.9500,-49.3124
12.9600,-49.4597
12.9700,-49.6067
12.9800,-49.7532
12.9900,-49.8993
13.0000,-50.0450
13.0100,-50.1903
13.0200,-50.3352
13.0300,-50.4796
13.0400,-50.6237
13.0500,-50.7673
13.0600,-50.9106
13.0700,-51.0534
13.0800,-51.1959
13.0900,-51.3380
13.1000,-51.4797
13.1100,-51.6210
13.1200,-51.7619
13.1300,-51.9025
13.1400,-52.0427
13.1500,-52.1825
13.1600,-52.3220
13.1700,-52.4611
13.1800,-52.5998
13.1900,-52.7382
13.2000,-52.8762
13.2100,-53.0139
13.2200,-53.1512
13.2300,-53.2881
13.2400,-53.4248
13.2500,-53.5611
13.2600,-53.6970
13.2700,-53.8326
13.2800,-53.9679
13.2900,-54.1029
13.3000,-54.2375
13.3100,-54.3718
13.3200,-54.5057
13.3300,-54.6394
13.3400,-54.7727
13.3500,-54.9057
13.3600,-55.0384
13.3700,-55.1708
13.3800,-55.3029
13.3900,-55.4346
13.4000,-55.5661
13.4100,-55.6973
13.4200,-55.8281
13.4300,-55.9587
13.4400,-56.0889
13.4500,-56.2189
13.4600,-56.3485
13.4700,-56.4779
13.4800,-56.6070
13.4900,-56.7358
13.5000,-56.8643
13.5100,-56.9925
13.5200,-57.1205
13.5300,-57.2482
13.5400,-57.3755
13.5500,-57.5027
13.5600,-57.6295
13.5700,-57.7561
13.5800,-57.8823
13.5900,-58.0084
13.6000,-58.1341
13.6100,-58.2596
13.6200,-58.3848
13.6300,-58.5098
13.6400,-58.6345
13.6500,-58.7590
13.6600,-58.8831
13.6700,-59.0071
13.6800,-59.1307
13.6900,-59.2542
13.7000,-59.3773
13.7100,-59.5003
13.7200,-59.6229
13.7300,-59.7453
13.7400,-59.8675
13.7500,-59.9895
13.7600,-60.1112
13.7700,-60.2326
13.7800,-60.3538
13.7900,-60.4748
13.8000,-60.5955
13.8100,-60.7160
13.8200,-60.8363
13.8300,-60.9563
13.8400,-61.0761
13.8500,-61.1957
13.8600,-61.3151
13.8700,-61.4342
13.8800,-61.5531
13.8900,-61.6717
13.9000,-61.7902
13.9100,-61.9084
13.9200,-62.0264
13.9300,-62.1442
13.9400,-62.2617
13.9500,-62.3791
13.9600,-62.4962
13.9700,-62.6131
13.9800,-62.7298
13.9900,-62.8463
