0.0000,-161.8739
0.0100,-161.9091
0.0200,-161.9444
0.0300,-161.9797
0.0400,-162.0152
0.0500,-162.0508
0.0600,-162.0865
0.0700,-162.1223
0.0800,-162.1582
0.0900,-162.1942
0.1000,-162.2303
0.1100,-162.2665
0.1200,-162.3028
0.1300,-162.3393
0.1400,-162.3758
0.1500,-162.4125
0.1600,-162.4493
0.1700,-162.4861
0.1800,-162.5231
0.1900,-162.5602
0.2000,-162.5974
0.2100,-162.6348
0.2200,-162.6722
0.2300,-162.7098
0.2400,-162.7474
0.2500,-162.7852
0.2600,-162.8231
0.2700,-162.8611
0.2800,-162.8992
0.2900,-162.9375
0.3000,-162.9758
0.3100,-163.0143
0.3200,-163.0529
0.3300,-163.0916
0.3400,-163.1305
0.3500,-163.1694
0.3600,-163.2085
0.3700,-163.2477
0.3800,-163.2870
0.3900,-163.3264
0.4000,-163.3660
0.4100,-163.4057
0.4200,-163.4455
0.4300,-163.4854
0.4400,-163.5254
0.4500,-163.5656
0.4600,-163.6059
0.4700,-163.6463
0.4800,-163.6869
0.4900,-163.7276
0.5000,-163.7684
0.5100,-163.8093
0.5200,-163.8504
0.5300,-163.8916
0.5400,-163.9329
0.5500,-163.9743
0.5600,-164.0159
0.5700,-164.0576
0.5800,-164.0995
0.5900,-164.1415
0.6000,-164.1836
0.6100,-164.2258
0.6200,-164.2682
0.6300,-164.3107
0.6400,-164.3534
0.6500,-164.3962
0.6600,-164.4391
0.6700,-164.4821
0.6800,-164.5253
0.6900,-164.5687
0.7000,-164.6122
0.7100,-164.6558
0.7200,-164.6995
0.7300,-164.7434
0.7400,-164.7875
0.7500,-164.8316
0.7600,-164.8760
0.7700,-164.9204
0.7800,-164.9650
0.7900,-165.0098
0.8000,-165.0547
0.8100,-165.0998
0.8200,-165.1450
0.8300,-165.1903
0.8400,-165.2358
0.8500,-165.2814
0.8600,-165.3272
0.8700,-165.3732
0.8800,-165.4193
0.8900,-165.4655
0.9000,-165.5119
0.9100,-165.5584
0.9200,-165.6051
0.9300,-165.6520
0.9400,-165.6990
0.9500,-165.7462
0.9600,-165.7935
0.9700,-165.8410
0.9800,-165.8886
0.9900,-165.9364
1.0000,-165.9844
1.0100,-166.0325
1.0200,-166.0808
1.0300,-166.1292
1.0400,-166.1778
1.0500,-166.2266
1.0600,-166.2755
1.0700,-166.3246
1.0800,-166.3739
1.0900,-166.4233
1.1000,-166.4729
1.1100,-166.5226
1.1200,-166.5726
1.1300,-166.6227
1.1400,-166.6729
1.1500,-166.7234
1.1600,-166.7740
1.1700,-166.8247
1.1800,-166.8757
1.1900,-166.9268
1.2000,-166.9781
1.2100,-167.0296
1.2200,-167.0813
1.2300,-167.1331
1.2400,-167.1851
1.2500,-167.2373
1.2600,-167.2897
1.2700,-167.3422
1.2800,-167.3949
1.2900,-167.4479
1.3000,-167.5010
1.3100,-167.5542
1.3200,-167.6077
1.3300,-167.6614
1.3400,-167.7152
1.3500,-167.7692
1.3600,-167.8234
1.3700,-167.8778
1.3800,-167.9324
1.3900,-167.9872
1.4000,-168.0422
1.4100,-168.0973
1.4200,-168.1527
1.4300,-168.2083
1.4400,-168.2640
1.4500,-168.3200
1.4600,-168.3761
1.4700,-168.4325
1.4800,-168.4890
1.4900,-168.5457
1.5000,-168.6027
1.5100,-168.6598
1.5200,-168.7172
1.5300,-168.7747
1.5400,-168.8325
1.5500,-168.8905
1.5600,-168.9486
1.5700,-169.0070
1.5800,-169.0656
1.5900,-169.1244
1.6000,-169.1834
1.6100,-169.2427
1.6200,-169.3021
1.6300,-169.3617
1.6400,-169.4216
1.6500,-169.4817
1.6600,-169.5420
1.6700,-169.6025
1.6800,-169.6632
1.6900,-169.7242
1.7000,-169.7854
1.7100,-169.8468
1.7200,-169.9084
1.7300,-169.9703
1.7400,-170.0323
1.7500,-170.0946
1.7600,-170.1572
1.7700,-170.2199
1.7800,-170.2829
1.7900,-170.3461
1.8000,-170.4096
1.8100,-170.4733
1.8200,-170.5372
1.8300,-170.6014
1.8400,-170.6658
1.8500,-170.7304
1.8600,-170.7953
1.8700,-170.8604
1.8800,-170.9257
1.8900,-170.9913
1.9000,-171.0572
1.9100,-171.1233
1.9200,-171.1896
1.9300,-171.2562
1.9400,-171.3230
1.9500,-171.3901
1.9600,-171.4574
1.9700,-171.5250
1.9800,-171.5928
1.9900,-171.6609
2.0000,-171.7293
2.0100,-171.7979
2.0200,-171.8667
2.0300,-171.9358
2.0400,-172.0052
2.0500,-172.0749
2.0600,-172.1448
2.0700,-172.2150
2.0800,-172.2854
2.0900,-172.3561
2.1000,-172.4271
2.1100,-172.4983
2.1200,-172.5699
2.1300,-172.6417
2.1400,-172.7137
2.1500,-172.7861
2.1600,-172.8587
2.1700,-172.9316
2.1800,-173.0048
2.1900,-173.0782
2.2000,-173.1520
2.2100,-173.2260
2.2200,-173.3003
2.2300,-173.3749
2.2400,-173.4498
2.2500,-173.5249
2.2600,-173.6004
2.2700,-173.6762
2.2800,-173.7522
2.2900,-173.8286
2.3000,-173.9052
2.3100,-173.9822
2.3200,-174.0594
2.3300,-174.1369
2.3400,-174.2148
2.3500,-174.2929
2.3600,-174.3714
2.3700,-174.4501
2.3800,-174.5292
2.3900,-174.6086
2.4000,-174.6883
2.4100,-174.7683
2.4200,-174.8486
2.4300,-174.9292
2.4400,-175.0102
2.4500,-175.0915
2.4600,-175.1730
2.4700,-175.2550
2.4800,-175.3372
2.4900,-175.4198
2.5000,-175.5027
2.5100,-175.5859
2.5200,-175.6694
2.5300,-175.7533
2.5400,-175.8375
2.5500,-175.9221
2.5600,-176.0070
2.5700,-176.0922
2.5800,-176.1777
2.5900,-176.2636
2.6000,-176.3499
2.6100,-176.4365
2.6200,-176.5234
2.6300,-176.6107
2.6400,-176.6984
2.6500,-176.7864
2.6600,-176.8747
2.6700,-176.9634
2.6800,-177.0525
2.6900,-177.1419
2.7000,-177.2317
2.7100,-177.3218
2.7200,-177.4123
2.7300,-177.5032
2.7400,-177.5944
2.7500,-177.6860
2.7600,-177.7780
2.7700,-177.8703
2.7800,-177.9631
2.7900,-178.0562
2.8000,-178.1496
2.8100,-178.2435
2.8200,-178.3377
2.8300,-178.4324
2.8400,-178.5274
2.8500,-178.6228
2.8600,-178.7185
2.8700,-178.8147
2.8800,-178.9113
2.8900,-179.0083
2.9000,-179.1056
2.9100,-179.2034
2.9200,-179.3015
2.9300,-179.4001
2.9400,-179.4991
2.9500,-179.5984
2.9600,-179.6982
2.9700,-179.7984
2.9800,-179.8990
2.9900,180.0000
3.0000,180.0000
3.0100,180.0000
3.0200,180.0000
3.0300,180.0000
3.0400,180.0000
3.0500,180.0000
3.0600,180.0000
3.0700,180.0000
3.0800,180.0000
3.0900,180.0000
3.1000,180.0000
3.1100,180.0000
3.1200,180.0000
3.1300,180.0000
3.1400,180.0000
3.1500,180.0000
3.1600,180.0000
3.1700,180.0000
3.1800,180.0000
3.1900,180.0000
3.2000,180.0000
3.2100,180.0000
3.2200,180.0000
3.2300,180.0000
3.2400,180.0000
3.2500,180.0000
3.2600,180.0000
3.2700,180.0000
3.2800,180.0000
3.2900,180.0000
3.3000,180.0000
3.3100,180.0000
3.3200,180.0000
3.3300,180.0000
3.3400,180.0000
3.3500,180.0000
3.3600,180.0000
3.3700,180.0000
3.3800,180.0000
3.3900,180.0000
3.4000,180.0000
3.4100,180.0000
3.4200,180.0000
3.4300,180.0000
3.4400,180.0000
3.4500,180.0000
3.4600,180.0000
3.4700,180.0000
3.4800,180.0000
3.4900,180.0000
3.5000,180.0000
3.5100,180.0000
3.5200,180.0000
3.5300,180.0000
3.5400,180.0000
3.5500,180.0000
3.5600,180.0000
3.5700,180.0000
3.5800,180.0000
3.5900,180.0000
3.6000,180.0000
3.6100,180.0000
3.6200,180.0000
3.6300,180.0000
3.6400,180.0000
3.6500,180.0000
3.6600,180.0000
3.6700,180.0000
3.6800,180.0000
3.6900,180.0000
3.7000,180.0000
3.7100,180.0000
3.7200,180.0000
3.7300,180.0000
3.7400,180.0000
3.7500,180.0000
3.7600,180.0000
3.7700,180.0000
3.7800,180.0000
3.7900,180.0000
3.8000,180.0000
3.8100,180.0000
3.8200,180.0000
3.8300,180.0000
3.8400,180.0000
3.8500,180.0000
3.8600,180.0000
3.8700,180.0000
3.8800,180.0000
3.8900,180.0000
3.9000,180.0000
3.9100,180.0000
3.9200,180.0000
3.9300,180.0000
3.9400,180.0000
3.9500,180.0000
3.9600,180.0000
3.9700,180.0000
3.9800,180.0000
3.9900,180.0000
4.0000,180.0000
4.0100,180.0000
4.0200,180.0000
4.0300,180.0000
4.0400,180.0000
4.0500,180.0000
4.0600,180.0000
4.0700,180.0000
4.0800,180.0000
4.0900,180.0000
4.1000,180.0000
4.1100,180.0000
4.1200,180.0000
4.1300,180.0000
4.1400,180.0000
4.1500,180.0000
4.1600,180.0000
4.1700,180.0000
4.1800,180.0000
4.1900,180.0000
4.2000,180.0000
4.2100,180.0000
4.2200,180.0000
4.2300,180.0000
4.2400,180.0000
4.2500,180.0000
4.2600,180.0000
4.2700,180.0000
4.2800,180.0000
4.2900,180.0000
4.3000,180.0000
4.3100,180.0000
4.3200,180.0000
4.3300,180.0000
4.3400,180.0000
4.3500,180.0000
4.3600,180.0000
4.3700,180.0000
4.3800,180.0000
4.3900,180.0000
4.4000,180.0000
4.4100,180.0000
4.4200,180.0000
4.4300,180.0000
4.4400,180.0000
4.4500,180.0000
4.4600,180.0000
4.4700,180.0000
4.4800,180.0000
4.4900,180.0000
4.5000,180.0000
4.5100,180.0000
4.5200,180.0000
4.5300,180.0000
4.5400,180.0000
4.5500,180.0000
4.5600,180.0000
4.5700,180.0000
4.5800,180.0000
4.5900,180.0000
4.6000,180.0000
4.6100,180.0000
4.6200,180.0000
4.6300,180.0000
4.6400,180.0000
4.6500,180.0000
4.6600,180.0000
4.6700,180.0000
4.6800,180.0000
4.6900,180.0000
4.7000,180.0000
4.7100,180.0000
4.7200,180.0000
4.7300,180.0000
4.7400,180.0000
4.7500,180.0000
4.7600,180.0000
4.7700,180.0000
4.7800,180.0000
4.7900,180.0000
4.8000,180.0000
4.8100,180.0000
4.8200,180.0000
4.8300,180.0000
4.8400,180.0000
4.8500,180.0000
4.8600,180.0000
4.8700,180.0000
4.8800,180.0000
4.8900,180.0000
4.9000,180.0000
4.9100,180.0000
4.9200,180.0000
4.9300,180.0000
4.9400,180.0000
4.9500,180.0000
4.9600,180.0000
4.9700,180.0000
4.9800,180.0000
4.9900,180.0000
5.0000,180.0000
5.0100,180.0000
5.0200,180.0000
5.0300,180.0000
5.0400,180.0000
5.0500,180.0000
5.0600,180.0000
5.0700,180.0000
5.0800,180.0000
5.0900,180.0000
5.1000,180.0000
5.1100,180.0000
5.1200,180.0000
5.1300,180.0000
5.1400,180.0000
5.1500,180.0000
5.1600,180.0000
5.1700,180.0000
5.1800,180.0000
5.1900,180.0000
5.2000,180.0000
5.2100,180.0000
5.2200,180.0000
5.2300,180.0000
5.2400,180.0000
5.2500,180.0000
5.2600,180.0000
5.2700,180.0000
5.2800,180.0000
5.2900,180.0000
5.3000,180.0000
5.3100,180.0000
5.3200,180.0000
5.3300,180.0000
5.3400,180.0000
5.3500,180.0000
5.3600,180.0000
5.3700,180.0000
5.3800,180.0000
5.3900,180.0000
5.4000,180.0000
5.4100,180.0000
5.4200,180.0000
5.4300,180.0000
5.4400,180.0000
5.4500,180.0000
5.4600,180.0000
5.4700,180.0000
5.4800,180.0000
5.4900,180.0000
5.5000,180.0000
5.5100,180.0000
5.5200,180.0000
5.5300,180.0000
5.5400,180.0000
5.5500,180.0000
5.5600,180.0000
5.5700,180.0000
5.5800,180.0000
5.5900,180.0000
5.6000,180.0000
5.6100,180.0000
5.6200,180.0000
5.6300,180.0000
5.6400,180.0000
5.6500,180.0000
5.6600,180.0000
5.6700,180.0000
5.6800,180.0000
5.6900,180.0000
5.7000,180.0000
5.7100,180.0000
5.7200,180.0000
5.7300,180.0000
5.7400,180.0000
5.7500,180.0000
5.7600,180.0000
5.7700,180.0000
5.7800,180.0000
5.7900,180.0000
5.8000,180.0000
5.8100,180.0000
5.8200,180.0000
5.8300,180.0000
5.8400,180.0000
5.8500,180.0000
5.8600,180.0000
5.8700,180.0000
5.8800,180.0000
5.8900,180.0000
5.9000,180.0000
5.9100,180.0000
5.9200,180.0000
5.9300,180.0000
5.9400,180.0000
5.9500,180.0000
5.9600,180.0000
5.9700,180.0000
5.9800,180.0000
5.9900,180.0000
6.0000,180.0000
6.0100,180.0000
6.0200,180.0000
6.0300,180.0000
6.0400,180.0000
6.0500,180.0000
6.0600,180.0000
6.0700,180.0000
6.0800,180.0000
6.0900,180.0000
6.1000,180.0000
6.1100,180.0000
6.1200,180.0000
6.1300,180.0000
6.1400,180.0000
6.1500,180.0000
6.1600,180.0000
6.1700,180.0000
6.1800,180.0000
6.1900,180.0000
6.2000,180.0000
6.2100,180.0000
6.2200,180.0000
6.2300,180.0000
6.2400,180.0000
6.2500,180.0000
6.2600,180.0000
6.2700,180.0000
6.2800,180.0000
6.2900,180.0000
6.3000,180.0000
6.3100,180.0000
6.3200,180.0000
6.3300,180.0000
6.3400,180.0000
6.3500,180.0000
6.3600,180.0000
6.3700,180.0000
6.3800,180.0000
6.3900,180.0000
6.4000,180.0000
6.4100,180.0000
6.4200,180.0000
6.4300,180.0000
6.4400,180.0000
6.4500,180.0000
6.4600,180.0000
6.4700,180.0000
6.4800,180.0000
6.4900,180.0000
6.5000,180.0000
6.5100,180.0000
6.5200,180.0000
6.5300,180.0000
6.5400,180.0000
6.5500,180.0000
6.5600,180.0000
6.5700,180.0000
6.5800,180.0000
6.5900,180.0000
6.6000,180.0000
6.6100,180.0000
6.6200,180.0000
6.6300,180.0000
6.6400,180.0000
6.6500,180.0000
6.6600,180.0000
6.6700,180.0000
6.6800,180.0000
6.6900,180.0000
6.7000,180.0000
6.7100,180.0000
6.7200,180.0000
6.7300,180.0000
6.7400,180.0000
6.7500,180.0000
6.7600,180.0000
6.7700,180.0000
6.7800,180.0000
6.7900,180.0000
6.8000,180.0000
6.8100,180.0000
6.8200,180.0000
6.8300,180.0000
6.8400,180.0000
6.8500,180.0000
6.8600,180.0000
6.8700,180.0000
6.8800,180.0000
6.8900,180.0000
6.9000,180.0000
6.9100,180.0000
6.9200,180.0000
6.9300,180.0000
6.9400,180.0000
6.9500,180.0000
6.9600,180.0000
6.9700,180.0000
6.9800,180.0000
6.9900,180.0000
7.0000,180.0000
7.0100,180.0000
7.0200,180.0000
7.0300,180.0000
7.0400,180.0000
7.0500,180.0000
7.0600,180.0000
7.0700,180.0000
7.0800,180.0000
7.0900,180.0000
7.1000,180.0000
7.1100,180.0000
7.1200,180.0000
7.1300,180.0000
7.1400,180.0000
7.1500,180.0000
7.1600,180.0000
7.1700,180.0000
7.1800,180.0000
7.1900,180.0000
7.2000,180.0000
7.2100,180.0000
7.2200,180.0000
7.2300,180.0000
7.2400,180.0000
7.2500,180.0000
7.2600,180.0000
7.2700,180.0000
7.2800,180.0000
7.2900,180.0000
7.3000,180.0000
7.3100,180.0000
7.3200,180.0000
7.3300,180.0000
7.3400,180.0000
7.3500,180.0000
7.3600,180.0000
7.3700,180.0000
7.3800,180.0000
7.3900,180.0000
7.4000,180.0000
7.4100,180.0000
7.4200,180.0000
7.4300,180.0000
7.4400,180.0000
7.4500,180.0000
7.4600,180.0000
7.4700,180.0000
7.4800,180.0000
7.4900,180.0000
7.5000,180.0000
7.5100,180.0000
7.5200,180.0000
7.5300,180.0000
7.5400,180.0000
7.5500,180.0000
7.5600,180.0000
7.5700,180.0000
7.5800,180.0000
7.5900,180.0000
7.6000,180.0000
7.6100,180.0000
7.6200,180.0000
7.6300,180.0000
7.6400,180.0000
7.6500,180.0000
7.6600,180.0000
7.6700,180.0000
7.6800,180.0000
7.6900,180.0000
7.7000,180.0000
7.7100,180.0000
7.7200,180.0000
7.7300,180.0000
7.7400,180.0000
7.7500,180.0000
7.7600,180.0000
7.7700,180.0000
7.7800,180.0000
7.7900,180.0000
7.8000,180.0000
7.8100,180.0000
7.8200,180.0000
7.8300,180.0000
7.8400,180.0000
7.8500,180.0000
7.8600,180.0000
7.8700,180.0000
7.8800,180.0000
7.8900,180.0000
7.9000,180.0000
7.9100,180.0000
7.9200,180.0000
7.9300,180.0000
7.9400,180.0000
7.9500,180.0000
7.9600,180.0000
7.9700,180.0000
7.9800,180.0000
7.9900,180.0000
8.0000,180.0000
8.0100,180.0000
8.0200,180.0000
8.0300,180.0000
8.0400,180.0000
8.0500,180.0000
8.0600,180.0000
8.0700,180.0000
8.0800,180.0000
8.0900,180.0000
8.1000,180.0000
8.1100,180.0000
8.1200,180.0000
8.1300,180.0000
8.1400,180.0000
8.1500,180.0000
8.1600,180.0000
8.1700,180.0000
8.1800,180.0000
8.1900,180.0000
8.2000,180.0000
8.2100,180.0000
8.2200,180.0000
8.2300,180.0000
8.2400,180.0000
8.2500,180.0000
8.2600,180.0000
8.2700,180.0000
8.2800,180.0000
8.2900,180.0000
8.3000,180.0000
8.3100,180.0000
8.3200,180.0000
8.3300,180.0000
8.3400,180.0000
8.3500,180.0000
8.3600,180.0000
8.3700,180.0000
8.3800,180.0000
8.3900,180.0000
8.4000,180.0000
8.4100,180.0000
8.4200,180.0000
8.4300,180.0000
8.4400,180.0000
8.4500,180.0000
8.4600,180.0000
8.4700,180.0000
8.4800,180.0000
8.4900,180.0000
8.5000,180.0000
8.5100,180.0000
8.5200,180.0000
8.5300,180.0000
8.5400,180.0000
8.5500,180.0000
8.5600,180.0000
8.5700,180.0000
8.5800,180.0000
8.5900,180.0000
8.6000,180.0000
8.6100,180.0000
8.6200,180.0000
8.6300,180.0000
8.6400,180.0000
8.6500,180.0000
8.6600,180.0000
8.6700,180.0000
8.6800,180.0000
8.6900,180.0000
8.7000,180.0000
8.7100,180.0000
8.7200,180.0000
8.7300,180.0000
8.7400,180.0000
8.7500,180.0000
8.7600,180.0000
8.7700,180.0000
8.7800,180.0000
8.7900,180.0000
8.8000,180.0000
8.8100,180.0000
8.8200,180.0000
8.8300,180.0000
8.8400,180.0000
8.8500,180.0000
8.8600,180.0000
8.8700,180.0000
8.8800,180.0000
8.8900,180.0000
8.9000,180.0000
8.9100,180.0000
8.9200,180.0000
8.9300,180.0000
8.9400,180.0000
8.9500,180.0000
8.9600,180.0000
8.9700,180.0000
8.9800,180.0000
8.9900,180.0000
9.0000,180.0000
9.0100,180.0000
9.0200,180.0000
9.0300,180.0000
9.0400,180.0000
9.0500,180.0000
9.0600,180.0000
9.0700,180.0000
9.0800,180.0000
9.0900,180.0000
9.1000,180.0000
9.1100,180.0000
9.1200,180.0000
9.1300,180.0000
9.1400,180.0000
9.1500,180.0000
9.1600,180.0000
9.1700,180.0000
9.1800,180.0000
9.1900,180.0000
9.2000,180.0000
9.2100,180.0000
9.2200,180.0000
9.2300,180.0000
9.2400,180.0000
9.2500,180.0000
9.2600,180.0000
9.2700,180.0000
9.2800,180.0000
9.2900,180.0000
9.3000,180.0000
9.3100,180.0000
9.3200,180.0000
9.3300,180.0000
9.3400,180.0000
9.3500,180.0000
9.3600,180.0000
9.3700,180.0000
9.3800,180.0000
9.3900,180.0000
9.4000,180.0000
9.4100,180.0000
9.4200,180.0000
9.4300,180.0000
9.4400,180.0000
9.4500,180.0000
9.4600,180.0000
9.4700,180.0000
9.4800,180.0000
9.4900,180.0000
9.5000,180.0000
9.5100,180.0000
9.5200,180.0000
9.5300,180.0000
9.5400,180.0000
9.5500,180.0000
9.5600,180.0000
9.5700,180.0000
9.5800,180.0000
9.5900,180.0000
9.6000,180.0000
9.6100,180.0000
9.6200,180.0000
9.6300,180.0000
9.6400,180.0000
9.6500,180.0000
9.6600,180.0000
9.6700,180.0000
9.6800,180.0000
9.6900,180.0000
9.7000,180.0000
9.7100,180.0000
9.7200,180.0000
9.7300,180.0000
9.7400,180.0000
9.7500,180.0000
9.7600,180.0000
9.7700,180.0000
9.7800,180.0000
9.7900,180.0000
9.8000,180.0000
9.8100,180.0000
9.8200,180.0000
9.8300,180.0000
9.8400,180.0000
9.8500,180.0000
9.8600,180.0000
9.8700,180.0000
9.8800,180.0000
9.8900,180.0000
9.9000,180.0000
9.9100,180.0000
9.9200,180.0000
9.9300,180.0000
9.9400,180.0000
9.9500,180.0000
9.9600,180.0000
9.9700,180.0000
9.9800,180.0000
9.9900,180.0000
10.0000,180.0000
10.0100,180.0000
10.0200,180.0000
10.0300,180.0000
10.0400,180.0000
10.0500,180.0000
10.0600,180.0000
10.0700,180.0000
10.0800,180.0000
10.0900,180.0000
10.1000,180.0000
10.1100,180.0000
10.1200,180.0000
10.1300,180.0000
10.1400,180.0000
10.1500,180.0000
10.1600,180.0000
10.1700,180.0000
10.1800,180.0000
10.1900,180.0000
10.2000,180.0000
10.2100,180.0000
10.2200,180.0000
10.2300,180.0000
10.2400,180.0000
10.2500,180.0000
10.2600,180.0000
10.2700,180.0000
10.2800,180.0000
10.2900,180.0000
10.3000,180.0000
10.3100,180.0000
10.3200,180.0000
10.3300,180.0000
10.3400,180.0000
10.3500,180.0000
10.3600,180.0000
10.3700,180.0000
10.3800,180.0000
10.3900,180.0000
10.4000,180.0000
10.4100,180.0000
10.4200,180.0000
10.4300,180.0000
10.4400,180.0000
10.4500,180.0000
10.4600,180.0000
10.4700,180.0000
10.4800,180.0000
10.4900,180.0000
10.5000,180.0000
10.5100,180.0000
10.5200,180.0000
10.5300,180.0000
10.5400,180.0000
10.5500,180.0000
10.5600,180.0000
10.5700,180.0000
10.5800,180.0000
10.5900,180.0000
10.6000,180.0000
10.6100,180.0000
10.6200,180.0000
10.6300,180.0000
10.6400,180.0000
10.6500,180.0000
10.6600,180.0000
10.6700,180.0000
10.6800,180.0000
10.6900,180.0000
10.7000,180.0000
10.7100,180.0000
10.7200,180.0000
10.7300,180.0000
10.7400,180.0000
10.7500,180.0000
10.7600,180.0000
10.7700,180.0000
10.7800,180.0000
10.7900,180.0000
10.8000,180.0000
10.8100,180.0000
10.8200,180.0000
10.8300,180.0000
10.8400,180.0000
10.8500,180.0000
10.8600,180.0000
10.8700,180.0000
10.8800,180.0000
10.8900,180.0000
10.9000,180.0000
10.9100,180.0000
10.9200,180.0000
10.9300,180.0000
10.9400,180.0000
10.9500,180.0000
10.9600,180.0000
10.9700,180.0000
10.9800,180.0000
10.9900,180.0000
11.0000,180.0000
11.0100,180.0000
11.0200,180.0000
11.0300,180.0000
11.0400,180.0000
11.0500,180.0000
11.0600,180.0000
11.0700,180.0000
11.0800,180.0000
11.0900,180.0000
11.1000,180.0000
11.1100,180.0000
11.1200,180.0000
11.1300,180.0000
11.1400,180.0000
11.1500,180.0000
11.1600,180.0000
11.1700,180.0000
11.1800,180.0000
11.1900,180.0000
11.2000,180.0000
11.2100,180.0000
11.2200,180.0000
11.2300,180.0000
11.2400,180.0000
11.2500,180.0000
11.2600,180.0000
11.2700,180.0000
11.2800,180.0000
11.2900,180.0000
11.3000,180.0000
11.3100,180.0000
11.3200,180.0000
11.3300,180.0000
11.3400,180.0000
11.3500,180.0000
11.3600,180.0000
11.3700,180.0000
11.3800,180.0000
11.3900,180.0000
11.4000,180.0000
11.4100,180.0000
11.4200,180.0000
11.4300,180.0000
11.4400,180.0000
11.4500,180.0000
11.4600,180.0000
11.4700,180.0000
11.4800,180.0000
11.4900,180.0000
11.5000,180.0000
11.5100,180.0000
11.5200,180.0000
11.5300,180.0000
11.5400,180.0000
11.5500,180.0000
11.5600,180.0000
11.5700,180.0000
11.5800,180.0000
11.5900,180.0000
11.6000,180.0000
11.6100,180.0000
11.6200,180.0000
11.6300,180.0000
11.6400,180.0000
11.6500,180.0000
11.6600,180.0000
11.6700,180.0000
11.6800,180.0000
11.6900,180.0000
11.7000,180.0000
11.7100,180.0000
11.7200,180.0000
11.7300,180.0000
11.7400,180.0000
11.7500,180.0000
11.7600,180.0000
11.7700,180.0000
11.7800,180.0000
11.7900,180.0000
11.8000,180.0000
11.8100,180.0000
11.8200,180.0000
11.8300,180.0000
11.8400,180.0000
11.8500,180.0000
11.8600,180.0000
11.8700,180.0000
11.8800,180.0000
11.8900,180.0000
11.9000,180.0000
11.9100,180.0000
11.9200,180.0000
11.9300,180.0000
11.9400,180.0000
11.9500,180.0000
11.9600,180.0000
11.9700,180.0000
11.9800,180.0000
11.9900,180.0000
12.0000,180.0000
12.0100,180.0000
12.0200,180.0000
12.0300,180.0000
12.0400,180.0000
12.0500,180.0000
12.0600,180.0000
12.0700,180.0000
12.0800,180.0000
12.0900,180.0000
12.1000,180.0000
12.1100,180.0000
12.1200,180.0000
12.1300,180.0000
12.1400,180.0000
12.1500,180.0000
12.1600,180.0000
12.1700,180.0000
12.1800,180.0000
12.1900,180.0000
12.2000,180.0000
12.2100,180.0000
12.2200,180.0000
12.2300,180.0000
12.2400,180.0000
12.2500,180.0000
12.2600,180.0000
12.2700,180.0000
12.2800,180.0000
12.2900,180.0000
12.3000,180.0000
12.3100,180.0000
12.3200,180.0000
12.3300,180.0000
12.3400,180.0000
12.3500,180.0000
12.3600,180.0000
12.3700,180.0000
12.3800,180.0000
12.3900,180.0000
12.4000,180.0000
12.4100,180.0000
12.4200,180.0000
12.4300,180.0000
12.4400,180.0000
12.4500,180.0000
12.4600,180.0000
12.4700,180.0000
12.4800,180.0000
12.4900,180.0000
12.5000,180.0000
12.5100,180.0000
12.5200,180.0000
12.5300,180.0000
12.5400,180.0000
12.5500,180.0000
12.5600,180.0000
12.5700,180.0000
12.5800,180.0000
12.5900,180.0000
12.6000,180.0000
12.6100,180.0000
12.6200,180.0000
12.6300,180.0000
12.6400,180.0000
12.6500,180.0000
12.6600,180.0000
12.6700,180.0000
12.6800,180.0000
12.6900,180.0000
12.7000,180.0000
12.7100,180.0000
12.7200,180.0000
12.7300,180.0000
12.7400,180.0000
12.7500,180.0000
12.7600,180.0000
12.7700,180.0000
12.7800,180.0000
12.7900,180.0000
12.8000,180.0000
12.8100,180.0000
12.8200,180.0000
12.8300,180.0000
12.8400,180.0000
12.8500,180.0000
12.8600,180.0000
12.8700,180.0000
12.8800,180.0000
12.8900,180.0000
12.9000,180.0000
12.9100,180.0000
12.9200,180.0000
12.9300,180.0000
12.9400,180.0000
12.9500,180.0000
12.9600,180.0000
12.9700,180.0000
12.9800,180.0000
12.9900,180.0000
13.0000,180.0000
13.0100,180.0000
13.0200,180.0000
13.0300,180.0000
13.0400,180.0000
13.0500,180.0000
13.0600,180.0000
13.0700,180.0000
13.0800,180.0000
13.0900,180.0000
13.1000,180.0000
13.1100,180.0000
13.1200,180.0000
13.1300,180.0000
13.1400,180.0000
13.1500,180.0000
13.1600,180.0000
13.1700,180.0000
13.1800,180.0000
13.1900,180.0000
13.2000,180.0000
13.2100,180.0000
13.2200,180.0000
13.2300,180.0000
13.2400,180.0000
13.2500,180.0000
13.2600,180.0000
13.2700,180.0000
13.2800,180.0000
13.2900,180.0000
13.3000,180.0000
13.3100,180.0000
13.3200,180.0000
13.3300,180.0000
13.3400,180.0000
13.3500,180.0000
13.3600,180.0000
13.3700,180.0000
13.3800,180.0000
13.3900,180.0000
13.4000,180.0000
13.4100,180.0000
13.4200,180.0000
13.4300,180.0000
13.4400,180.0000
13.4500,180.0000
13.4600,180.0000
13.4700,180.0000
13.4800,180.0000
13.4900,180.0000
13.5000,180.0000
13.5100,180.0000
13.5200,180.0000
13.5300,180.0000
13.5400,180.0000
13.5500,180.0000
13.5600,180.0000
13.5700,180.0000
13.5800,180.0000
13.5900,180.0000
13.6000,180.0000
13.6100,180.0000
13.6200,180.0000
13.6300,180.0000
13.6400,180.0000
13.6500,180.0000
13.6600,180.0000
13.6700,180.0000
13.6800,180.0000
13.6900,180.0000
13.7000,180.0000
13.7100,180.0000
13.7200,180.0000
13.7300,180.0000
13.7400,180.0000
13.7500,180.0000
13.7600,180.0000
13.7700,180.0000
13.7800,180.0000
13.7900,180.0000
13.8000,180.0000
13.8100,180.0000
13.8200,180.0000
13.8300,180.0000
13.8400,180.0000
13.8500,180.0000
13.8600,180.0000
13.8700,180.0000
13.8800,180.0000
13.8900,180.0000
13.9000,180.0000
13.9100,180.0000
13.9200,180.0000
13.9300,180.0000
13.9400,180.0000
13.9500,180.0000
13.9600,180.0000
13.9700,180.0000
13.9800,180.0000
13.9900,180.0000
14.0000,180.0000
14.0100,180.0000
14.0200,180.0000
14.0300,180.0000
14.0400,180.0000
14.0500,180.0000
14.0600,180.0000
14.0700,180.0000
14.0800,180.0000
14.0900,180.0000
14.1000,180.0000
14.1100,180.0000
14.1200,180.0000
14.1300,180.0000
14.1400,180.0000
14.1500,180.0000
14.1600,180.0000
14.1700,180.0000
14.1800,180.0000
14.1900,180.0000
14.2000,180.0000
14.2100,180.0000
14.2200,180.0000
14.2300,180.0000
14.2400,180.0000
14.2500,180.0000
14.2600,180.0000
14.2700,180.0000
14.2800,180.0000
14.2900,180.0000
14.3000,180.0000
14.3100,180.0000
14.3200,180.0000
14.3300,180.0000
14.3400,180.0000
14.3500,180.0000
14.3600,180.0000
14.3700,180.0000
14.3800,180.0000
14.3900,180.0000
14.4000,180.0000
14.4100,180.0000
14.4200,180.0000
14.4300,180.0000
14.4400,180.0000
14.4500,180.0000
14.4600,180.0000
14.4700,180.0000
14.4800,180.0000
14.4900,180.0000
14.5000,180.0000
14.5100,180.0000
14.5200,180.0000
14.5300,180.0000
14.5400,180.0000
14.5500,180.0000
14.5600,180.0000
14.5700,180.0000
14.5800,180.0000
14.5900,180.0000
14.6000,180.0000
14.6100,180.0000
14.6200,180.0000
14.6300,180.0000
14.6400,180.0000
14.6500,180.0000
14.6600,180.0000
14.6700,180.0000
14.6800,180.0000
14.6900,180.0000
14.7000,180.0000
14.7100,180.0000
14.7200,180.0000
14.7300,180.0000
14.7400,180.0000
14.7500,180.0000
14.7600,180.0000
14.7700,180.0000
14.7800,180.0000
14.7900,180.0000
14.8000,180.0000
14.8100,180.0000
14.8200,180.0000
14.8300,180.0000
14.8400,180.0000
14.8500,180.0000
14.8600,180.0000
14.8700,180.0000
14.8800,180.0000
14.8900,180.0000
14.9000,180.0000
14.9100,180.0000
14.9200,180.0000
14.9300,180.0000
14.9400,180.0000
14.9500,180.0000
14.9600,180.0000
14.9700,180.0000
14.9800,180.0000
14.9900,180.0000
15.0000,180.0000
15.0100,180.0000
15.0200,180.0000
15.0300,180.0000
15.0400,180.0000
15.0500,180.0000
15.0600,180.0000
15.0700,180.0000
15.0800,180.0000
15.0900,180.0000
15.1000,180.0000
15.1100,180.0000
15.1200,180.0000
15.1300,180.0000
15.1400,180.0000
15.1500,180.0000
15.1600,180.0000
15.1700,180.0000
15.1800,180.0000
15.1900,180.0000
15.2000,180.0000
15.2100,180.0000
15.2200,180.0000
15.2300,180.0000
15.2400,180.0000
15.2500,180.0000
15.2600,180.0000
15.2700,180.0000
15.2800,180.0000
15.2900,180.0000
15.3000,180.0000
15.3100,180.0000
15.3200,180.0000
15.3300,180.0000
15.3400,180.0000
15.3500,180.0000
15.3600,180.0000
15.3700,180.0000
15.3800,180.0000
15.3900,180.0000
15.4000,180.0000
15.4100,180.0000
15.4200,180.0000
15.4300,180.0000
15.4400,180.0000
15.4500,180.0000
15.4600,180.0000
15.4700,180.0000
15.4800,180.0000
15.4900,180.0000
15.5000,180.0000
15.5100,180.0000
15.5200,180.0000
15.5300,180.0000
15.5400,180.0000
15.5500,180.0000
15.5600,180.0000
15.5700,180.0000
15.5800,180.0000
15.5900,180.0000
15.6000,180.0000
15.6100,180.0000
15.6200,180.0000
15.6300,180.0000
15.6400,180.0000
15.6500,180.0000
15.6600,180.0000
15.6700,180.0000
15.6800,180.0000
15.6900,180.0000
15.7000,180.0000
15.7100,180.0000
15.7200,180.0000
15.7300,180.0000
15.7400,180.0000
15.7500,180.0000
15.7600,180.0000
15.7700,180.0000
15.7800,180.0000
15.7900,180.0000
15.8000,180.0000
15.8100,180.0000
15.8200,180.0000
15.8300,180.0000
15.8400,180.0000
15.8500,180.0000
15.8600,180.0000
15.8700,180.0000
15.8800,180.0000
15.8900,180.0000
15.9000,180.0000
15.9100,180.0000
15.9200,180.0000
15.9300,180.0000
15.9400,180.0000
15.9500,180.0000
15.9600,180.0000
15.9700,180.0000
15.9800,180.0000
15.9900,180.0000
16.0000,180.0000
16.0100,180.0000
16.0200,180.0000
16.0300,180.0000
16.0400,180.0000
16.0500,180.0000
16.0600,180.0000
16.0700,180.0000
16.0800,180.0000
16.0900,180.0000
16.1000,180.0000
16.1100,180.0000
16.1200,180.0000
16.1300,180.0000
16.1400,180.0000
16.1500,180.0000
16.1600,180.0000
16.1700,180.0000
16.1800,180.0000
16.1900,180.0000
16.2000,180.0000
16.2100,180.0000
16.2200,180.0000
16.2300,180.0000
16.2400,180.0000
16.2500,180.0000
16.2600,180.0000
16.2700,180.0000
16.2800,180.0000
16.2900,180.0000
16.3000,180.0000
16.3100,180.0000
16.3200,180.0000
16.3300,180.0000
16.3400,180.0000
16.3500,180.0000
16.3600,180.0000
16.3700,180.0000
16.3800,180.0000
16.3900,180.0000
16.4000,180.0000
16.4100,180.0000
16.4200,180.0000
16.4300,180.0000
16.4400,180.0000
16.4500,180.0000
16.4600,180.0000
16.4700,180.0000
16.4800,180.0000
16.4900,180.0000
16.5000,180.0000
16.5100,180.0000
16.5200,180.0000
16.5300,180.0000
16.5400,180.0000
16.5500,180.0000
16.5600,180.0000
16.5700,180.0000
16.5800,180.0000
16.5900,180.0000
16.6000,180.0000
16.6100,180.0000
16.6200,180.0000
16.6300,180.0000
16.6400,180.0000
16.6500,180.0000
16.6600,180.0000
16.6700,180.0000
16.6800,180.0000
16.6900,180.0000
16.7000,180.0000
16.7100,180.0000
16.7200,180.0000
16.7300,180.0000
16.7400,180.0000
16.7500,180.0000
16.7600,180.0000
16.7700,180.0000
16.7800,180.0000
16.7900,180.0000
16.8000,180.0000
16.8100,180.0000
16.8200,180.0000
16.8300,180.0000
16.8400,180.0000
16.8500,180.0000
16.8600,180.0000
16.8700,180.0000
16.8800,180.0000
16.8900,180.0000
16.9000,180.0000
16.9100,180.0000
16.9200,180.0000
16.9300,180.0000
16.9400,180.0000
16.9500,180.0000
16.9600,180.0000
16.9700,180.0000
16.9800,180.0000
16.9900,180.0000
17.0000,180.0000
17.0100,180.0000
17.0200,180.0000
17.0300,180.0000
17.0400,180.0000
17.0500,180.0000
17.0600,180.0000
17.0700,180.0000
17.0800,180.0000
17.0900,180.0000
17.1000,180.0000
17.1100,180.0000
17.1200,180.0000
17.1300,180.0000
17.1400,180.0000
17.1500,180.0000
17.1600,180.0000
17.1700,180.0000
17.1800,180.0000
17.1900,180.0000
17.2000,180.0000
17.2100,180.0000
17.2200,180.0000
17.2300,180.0000
17.2400,180.0000
17.2500,180.0000
17.2600,180.0000
17.2700,180.0000
17.2800,180.0000
17.2900,180.0000
17.3000,180.0000
17.3100,180.0000
17.3200,180.0000
17.3300,180.0000
17.3400,180.0000
17.3500,180.0000
17.3600,180.0000
17.3700,180.0000
17.3800,180.0000
17.3900,180.0000
17.4000,180.0000
17.4100,180.0000
17.4200,180.0000
17.4300,180.0000
17.4400,180.0000
17.4500,180.0000
17.4600,180.0000
17.4700,180.0000
17.4800,180.0000
17.4900,180.0000
17.5000,180.0000
17.5100,180.0000
17.5200,180.0000
17.5300,180.0000
17.5400,180.0000
17.5500,180.0000
17.5600,180.0000
17.5700,180.0000
17.5800,180.0000
17.5900,180.0000
17.6000,180.0000
17.6100,180.0000
17.6200,180.0000
17.6300,180.0000
17.6400,180.0000
17.6500,180.0000
17.6600,180.0000
17.6700,180.0000
17.6800,180.0000
17.6900,180.0000
17.7000,180.0000
17.7100,180.0000
17.7200,180.0000
17.7300,180.0000
17.7400,180.0000
17.7500,180.0000
17.7600,180.0000
17.7700,180.0000
17.7800,180.0000
17.7900,180.0000
17.8000,180.0000
17.8100,180.0000
17.8200,180.0000
17.8300,180.0000
17.8400,180.0000
17.8500,180.0000
17.8600,180.0000
17.8700,180.0000
17.8800,180.0000
17.8900,180.0000
17.9000,180.0000
17.9100,180.0000
17.9200,180.0000
17.9300,180.0000
17.9400,180.0000
17.9500,180.0000
17.9600,180.0000
17.9700,180.0000
17.9800,180.0000
17.9900,180.0000
18.0000,180.0000
18.0100,180.0000
18.0200,180.0000
18.0300,180.0000
18.0400,180.0000
18.0500,180.0000
18.0600,180.0000
18.0700,180.0000
18.0800,180.0000
18.0900,180.0000
18.1000,180.0000
18.1100,180.0000
18.1200,180.0000
18.1300,180.0000
18.1400,180.0000
18.1500,180.0000
18.1600,180.0000
18.1700,180.0000
18.1800,180.0000
18.1900,180.0000
18.2000,180.0000
18.2100,180.0000
18.2200,180.0000
18.2300,180.0000
18.2400,180.0000
18.2500,180.0000
18.2600,180.0000
18.2700,180.0000
18.2800,180.0000
18.2900,180.0000
18.3000,180.0000
18.3100,180.0000
18.3200,180.0000
18.3300,180.0000
18.3400,180.0000
18.3500,180.0000
18.3600,180.0000
18.3700,180.0000
18.3800,180.0000
18.3900,180.0000
18.4000,180.0000
18.4100,180.0000
18.4200,180.0000
18.4300,180.0000
18.4400,180.0000
18.4500,180.0000
18.4600,180.0000
18.4700,180.0000
18.4800,180.0000
18.4900,180.0000
18.5000,180.0000
18.5100,180.0000
18.5200,180.0000
18.5300,180.0000
18.5400,180.0000
18.5500,180.0000
18.5600,180.0000
18.5700,180.0000
18.5800,180.0000
18.5900,180.0000
18.6000,180.0000
18.6100,180.0000
18.6200,180.0000
18.6300,180.0000
18.6400,180.0000
18.6500,180.0000
18.6600,180.0000
18.6700,180.0000
18.6800,180.0000
18.6900,180.0000
18.7000,180.0000
18.7100,180.0000
18.7200,180.0000
18.7300,180.0000
18.7400,180.0000
18.7500,180.0000
18.7600,180.0000
18.7700,180.0000
18.7800,180.0000
18.7900,180.0000
18.8000,180.0000
18.8100,180.0000
18.8200,180.0000
18.8300,180.0000
18.8400,180.0000
18.8500,180.0000
18.8600,180.0000
18.8700,180.0000
18.8800,180.0000
18.8900,180.0000
18.9000,180.0000
18.9100,180.0000
18.9200,180.0000
18.9300,180.0000
18.9400,180.0000
18.9500,180.0000
18.9600,180.0000
18.9700,180.0000
18.9800,180.0000
18.9900,180.0000
19.0000,180.0000
19.0100,180.0000
19.0200,180.0000
19.0300,180.0000
19.0400,180.0000
19.0500,180.0000
19.0600,180.0000
19.0700,180.0000
19.0800,180.0000
19.0900,180.0000
19.1000,180.0000
19.1100,180.0000
19.1200,180.0000
19.1300,180.0000
19.1400,180.0000
19.1500,180.0000
19.1600,180.0000
19.1700,180.0000
19.1800,180.0000
19.1900,180.0000
19.2000,180.0000
19.2100,180.0000
19.2200,180.0000
19.2300,180.0000
19.2400,180.0000
19.2500,180.0000
19.2600,180.0000
19.2700,180.0000
19.2800,180.0000
19.2900,180.0000
19.3000,180.0000
19.3100,180.0000
19.3200,180.0000
19.3300,180.0000
19.3400,180.0000
19.3500,180.0000
19.3600,180.0000
19.3700,180.0000
19.3800,180.0000
19.3900,180.0000
19.4000,180.0000
19.4100,180.0000
19.4200,180.0000
19.4300,180.0000
19.4400,180.0000
19.4500,180.0000
19.4600,180.0000
19.4700,180.0000
19.4800,180.0000
19.4900,180.0000
19.5000,180.0000
19.5100,180.0000
19.5200,180.0000
19.5300,180.0000
19.5400,180.0000
19.5500,180.0000
19.5600,180.0000
19.5700,180.0000
19.5800,180.0000
19.5900,180.0000
19.6000,180.0000
19.6100,180.0000
19.6200,180.0000
19.6300,180.0000
19.6400,180.0000
19.6500,180.0000
19.6600,180.0000
19.6700,180.0000
19.6800,180.0000
19.6900,180.0000
19.7000,180.0000
19.7100,180.0000
19.7200,180.0000
19.7300,180.0000
19.7400,180.0000
19.7500,180.0000
19.7600,180.0000
19.7700,180.0000
19.7800,180.0000
19.7900,180.0000
19.8000,180.0000
19.8100,180.0000
19.8200,180.0000
19.8300,180.0000
19.8400,180.0000
19.8500,180.0000
19.8600,180.0000
19.8700,180.0000
19.8800,180.0000
19.8900,180.0000
19.9000,180.0000
19.9100,180.0000
19.9200,180.0000
19.9300,180.0000
19.9400,180.0000
19.9500,180.0000
19.9600,180.0000
19.9700,180.0000
19.9800,180.0000
19.9900,180.0000
20.0000,180.0000
20.0100,180.0000
20.0200,180.0000
20.0300,180.0000
20.0400,180.0000
20.0500,180.0000
20.0600,180.0000
20.0700,180.0000
20.0800,180.0000
20.0900,180.0000
20.1000,180.0000
20.1100,180.0000
20.1200,180.0000
20.1300,180.0000
20.1400,180.0000
20.1500,180.0000
20.1600,180.0000
20.1700,180.0000
20.1800,180.0000
20.1900,180.0000
20.2000,180.0000
20.2100,180.0000
20.2200,180.0000
20.2300,180.0000
20.2400,180.0000
20.2500,180.0000
20.2600,180.0000
20.2700,180.0000
20.2800,180.0000
20.2900,180.0000
20.3000,180.0000
20.3100,180.0000
20.3200,180.0000
20.3300,180.0000
20.3400,180.0000
20.3500,180.0000
20.3600,180.0000
20.3700,180.0000
20.3800,180.0000
20.3900,180.0000
20.4000,180.0000
20.4100,180.0000
20.4200,180.0000
20.4300,180.0000
20.4400,180.0000
20.4500,180.0000
20.4600,180.0000
20.4700,180.0000
20.4800,180.0000
20.4900,180.0000
20.5000,180.0000
20.5100,180.0000
20.5200,180.0000
20.5300,180.0000
20.5400,180.0000
20.5500,180.0000
20.5600,180.0000
20.5700,180.0000
20.5800,180.0000
20.5900,180.0000
20.6000,180.0000
20.6100,180.0000
20.6200,180.0000
20.6300,180.0000
20.6400,180.0000
20.6500,180.0000
20.6600,180.0000
20.6700,180.0000
20.6800,180.0000
20.6900,180.0000
20.7000,180.0000
20.7100,180.0000
20.7200,180.0000
20.7300,180.0000
20.7400,180.0000
20.7500,180.0000
20.7600,180.0000
20.7700,180.0000
20.7800,180.0000
20.7900,180.0000
20.8000,180.0000
20.8100,180.0000
20.8200,180.0000
20.8300,180.0000
20.8400,180.0000
20.8500,180.0000
20.8600,180.0000
20.8700,180.0000
20.8800,180.0000
20.8900,180.0000
20.9000,180.0000
20.9100,180.0000
20.9200,180.0000
20.9300,180.0000
20.9400,180.0000
20.9500,180.0000
20.9600,180.0000
20.9700,180.0000
20.9800,180.0000
20.9900,180.0000
21.0000,180.0000
21.0100,-179.8990
21.0200,-179.7984
21.0300,-179.6982
21.0400,-179.5984
21.0500,-179.4991
21.0600,-179.4001
21.0700,-179.3015
21.0800,-179.2034
21.0900,-179.1056
21.1000,-179.0083
21.1100,-178.9113
21.1200,-178.8147
21.1300,-178.7185
21.1400,-178.6228
21.1500,-178.5274
21.1600,-178.4324
21.1700,-178.3377
21.1800,-178.2435
21.1900,-178.1496
21.2000,-178.0562
21.2100,-177.9631
21.2200,-177.8703
21.2300,-177.7780
21.2400,-177.6860
21.2500,-177.5944
21.2600,-177.5032
21.2700,-177.4123
21.2800,-177.3218
21.2900,-177.2317
21.3000,-177.1419
21.3100,-177.0525
21.3200,-176.9634
21.3300,-176.8747
21.3400,-176.7864
21.3500,-176.6984
21.3600,-176.6107
21.3700,-176.5234
21.3800,-176.4365
21.3900,-176.3499
21.4000,-176.2636
21.4100,-176.1777
21.4200,-176.0922
21.4300,-176.0070
21.4400,-175.9221
21.4500,-175.8375
21.4600,-175.7533
21.4700,-175.6694
21.4800,-175.5859
21.4900,-175.5027
21.5000,-175.4198
21.5100,-175.3372
21.5200,-175.2550
21.5300,-175.1730
21.5400,-175.0915
21.5500,-175.0102
21.5600,-174.9292
21.5700,-174.8486
21.5800,-174.7683
21.5900,-174.6883
21.6000,-174.6086
21.6100,-174.5292
21.6200,-174.4501
21.6300,-174.3714
21.6400,-174.2929
21.6500,-174.2148
21.6600,-174.1369
21.6700,-174.0594
21.6800,-173.9822
21.6900,-173.9052
21.7000,-173.8286
21.7100,-173.7522
21.7200,-173.6762
21.7300,-173.6004
21.7400,-173.5249
21.7500,-173.4498
21.7600,-173.3749
21.7700,-173.3003
21.7800,-173.2260
21.7900,-173.1520
21.8000,-173.0782
21.8100,-173.0048
21.8200,-172.9316
21.8300,-172.8587
21.8400,-172.7861
21.8500,-172.7137
21.8600,-172.6417
21.8700,-172.5699
21.8800,-172.4983
21.8900,-172.4271
21.9000,-172.3561
21.9100,-172.2854
21.9200,-172.2150
21.9300,-172.1448
21.9400,-172.0749
21.9500,-172.0052
21.9600,-171.9358
21.9700,-171.8667
21.9800,-171.7979
21.9900,-171.7293
22.0000,-171.6609
22.0100,-171.5928
22.0200,-171.5250
22.0300,-171.4574
22.0400,-171.3901
22.0500,-171.3230
22.0600,-171.2562
22.0700,-171.1896
22.0800,-171.1233
22.0900,-171.0572
22.1000,-170.9913
22.1100,-170.9257
22.1200,-170.8604
22.1300,-170.7953
22.1400,-170.7304
22.1500,-170.6658
22.1600,-170.6014
22.1700,-170.5372
22.1800,-170.4733
22.1900,-170.4096
22.2000,-170.3461
22.2100,-170.2829
22.2200,-170.2199
22.2300,-170.1572
22.2400,-170.0946
22.2500,-170.0323
22.2600,-169.9703
22.2700,-169.9084
22.2800,-169.8468
22.2900,-169.7854
22.3000,-169.7242
22.3100,-169.6632
22.3200,-169.6025
22.3300,-169.5420
22.3400,-169.4817
22.3500,-169.4216
22.3600,-169.3617
22.3700,-169.3021
22.3800,-169.2427
22.3900,-169.1834
22.4000,-169.1244
22.4100,-169.0656
22.4200,-169.0070
22.4300,-168.9486
22.4400,-168.8905
22.4500,-168.8325
22.4600,-168.7747
22.4700,-168.7172
22.4800,-168.6598
22.4900,-168.6027
22.5000,-168.5457
22.5100,-168.4890
22.5200,-168.4325
22.5300,-168.3761
22.5400,-168.3200
22.5500,-168.2640
22.5600,-168.2083
22.5700,-168.1527
22.5800,-168.0973
22.5900,-168.0422
22.6000,-167.9872
22.6100,-167.9324
22.6200,-167.8778
22.6300,-167.8234
22.6400,-167.7692
22.6500,-167.7152
22.6600,-167.6614
22.6700,-167.6077
22.6800,-167.5542
22.6900,-167.5010
22.7000,-167.4479
22.7100,-167.3949
22.7200,-167.3422
22.7300,-167.2897
22.7400,-167.2373
22.7500,-167.1851
22.7600,-167.1331
22.7700,-167.0813
22.7800,-167.0296
22.7900,-166.9781
22.8000,-166.9268
22.8100,-166.8757
22.8200,-166.8247
22.8300,-166.7740
22.8400,-166.7234
22.8500,-166.6729
22.8600,-166.6227
22.8700,-166.5726
22.8800,-166.5226
22.8900,-166.4729
22.9000,-166.4233
22.9100,-166.3739
22.9200,-166.3246
22.9300,-166.2755
22.9400,-166.2266
22.9500,-166.1778
22.9600,-166.1292
22.9700,-166.0808
22.9800,-166.0325
22.9900,-165.9844
23.0000,-165.9364
23.0100,-165.8886
23.0200,-165.8410
23.0300,-165.7935
23.0400,-165.7462
23.0500,-165.6990
23.0600,-165.6520
23.0700,-165.6051
23.0800,-165.5584
23.0900,-165.5119
23.1000,-165.4655
23.1100,-165.4193
23.1200,-165.3732
23.1300,-165.3272
23.1400,-165.2814
23.1500,-165.2358
23.1600,-165.1903
23.1700,-165.1450
23.1800,-165.0998
23.1900,-165.0547
23.2000,-165.0098
23.2100,-164.9650
23.2200,-164.9204
23.2300,-164.8760
23.2400,-164.8316
23.2500,-164.7875
23.2600,-164.7434
23.2700,-164.6995
23.2800,-164.6558
23.2900,-164.6122
23.3000,-164.5687
23.3100,-164.5253
23.3200,-164.4821
23.3300,-164.4391
23.3400,-164.3962
23.3500,-164.3534
23.3600,-164.3107
23.3700,-164.2682
23.3800,-164.2258
23.3900,-164.1836
23.4000,-164.1415
23.4100,-164.0995
23.4200,-164.0576
23.4300,-164.0159
23.4400,-163.9743
23.4500,-163.9329
23.4600,-163.8916
23.4700,-163.8504
23.4800,-163.8093
23.4900,-163.7684
23.5000,-163.7276
23.5100,-163.6869
23.5200,-163.6463
23.5300,-163.6059
23.5400,-163.5656
23.5500,-163.5254
23.5600,-163.4854
23.5700,-163.4455
23.5800,-163.4057
23.5900,-163.3660
23.6000,-163.3264
23.6100,-163.2870
23.6200,-163.2477
23.6300,-163.2085
23.6400,-163.1694
23.6500,-163.1305
23.6600,-163.0916
23.6700,-163.0529
23.6800,-163.0143
23.6900,-162.9758
23.7000,-162.9375
23.7100,-162.8992
23.7200,-162.8611
23.7300,-162.8231
23.7400,-162.7852
23.7500,-162.7474
23.7600,-162.7098
23.7700,-162.6722
23.7800,-162.6348
23.7900,-162.5974
23.8000,-162.5602
23.8100,-162.5231
23.8200,-162.4861
23.8300,-162.4493
23.8400,-162.4125
23.8500,-162.3758
23.8600,-162.3393
23.8700,-162.3028
23.8800,-162.2665
23.8900,-162.2303
23.9000,-162.1942
23.9100,-162.1582
23.9200,-162.1223
23.9300,-162.0865
23.9400,-162.0508
23.9500,-162.0152
23.9600,-161.9797
23.9700,-161.9444
23.9800,-161.9091
23.9900,-161.8739
