0.0000,46.0655
0.0100,46.2475
0.0200,46.4291
0.0300,46.6104
0.0400,46.7914
0.0500,46.9721
0.0600,47.1524
0.0700,47.3324
0.0800,47.5121
0.0900,47.6915
0.1000,47.8706
0.1100,48.0493
0.1200,48.2278
0.1300,48.4060
0.1400,48.5838
0.1500,48.7614
0.1600,48.9387
0.1700,49.1157
0.1800,49.2925
0.1900,49.4689
0.2000,49.6451
0.2100,49.8210
0.2200,49.9966
0.2300,50.1720
0.2400,50.3471
0.2500,50.5219
0.2600,50.6965
0.2700,50.8708
0.2800,51.0449
0.2900,51.2187
0.3000,51.3923
0.3100,51.5656
0.3200,51.7386
0.3300,51.9115
0.3400,52.0840
0.3500,52.2564
0.3600,52.4285
0.3700,52.6003
0.3800,52.7720
0.3900,52.9434
0.4000,53.1146
0.4100,53.2855
0.4200,53.4562
0.4300,53.6267
0.4400,53.7970
0.4500,53.9670
0.4600,54.1369
0.4700,54.3065
0.4800,54.4759
0.4900,54.6451
0.5000,54.8140
0.5100,54.9828
0.5200,55.1514
0.5300,55.3197
0.5400,55.4878
0.5500,55.6558
0.5600,55.8235
0.5700,55.9910
0.5800,56.1584
0.5900,56.3255
0.6000,56.4924
0.6100,56.6591
0.6200,56.8257
0.6300,56.9920
0.6400,57.1581
0.6500,57.3241
0.6600,57.4899
0.6700,57.6554
0.6800,57.8208
0.6900,57.9860
0.7000,58.1510
0.7100,58.3158
0.7200,58.4804
0.7300,58.6449
0.7400,58.8091
0.7500,58.9732
0.7600,59.1371
0.7700,59.3008
0.7800,59.4644
0.7900,59.6277
0.8000,59.7909
0.8100,59.9539
0.8200,60.1167
0.8300,60.2793
0.8400,60.4418
0.8500,60.6040
0.8600,60.7661
0.8700,60.9281
0.8800,61.0898
0.8900,61.2514
0.9000,61.4128
0.9100,61.5740
0.9200,61.7351
0.9300,61.8960
0.9400,62.0567
0.9500,62.2173
0.9600,62.3776
0.9700,62.5378
0.9800,62.6979
0.9900,62.8577
1.0000,63.0174
1.0100,63.1769
1.0200,63.3363
1.0300,63.4954
1.0400,63.6545
1.0500,63.8133
1.0600,63.9720
1.0700,64.1305
1.0800,64.2888
1.0900,64.4470
1.1000,64.6050
1.1100,64.7628
1.1200,64.9204
1.1300,65.0779
1.1400,65.2353
1.1500,65.3924
1.1600,65.5494
1.1700,65.7062
1.1800,65.8629
1.1900,66.0193
1.2000,66.1756
1.2100,66.3318
1.2200,66.4878
1.2300,66.6436
1.2400,66.7992
1.2500,66.9547
1.2600,67.1099
1.2700,67.2651
1.2800,67.4200
1.2900,67.5748
1.3000,67.7294
1.3100,67.8839
1.3200,68.0381
1.3300,68.1922
1.3400,68.3462
1.3500,68.4999
1.3600,68.6535
1.3700,68.8069
1.3800,68.9601
1.3900,69.1132
1.4000,69.2661
1.4100,69.4188
1.4200,69.5713
1.4300,69.7237
1.4400,69.8759
1.4500,70.0279
1.4600,70.1797
1.4700,70.3314
1.4800,70.4828
1.4900,70.6341
1.5000,70.7852
1.5100,70.9362
1.5200,71.0869
1.5300,71.2375
1.5400,71.3879
1.5500,71.5381
1.5600,71.6881
1.5700,71.8380
1.5800,71.9877
1.5900,72.1371
1.6000,72.2864
1.6100,72.4355
1.6200,72.5844
1.6300,72.7332
1.6400,72.8817
1.6500,73.0300
1.6600,73.1782
1.6700,73.3262
1.6800,73.4739
1.6900,73.6215
1.7000,73.7689
1.7100,73.9161
1.7200,74.0631
1.7300,74.2099
1.7400,74.3565
1.7500,74.5029
1.7600,74.6491
1.7700,74.7951
1.7800,74.9409
1.7900,75.0865
1.8000,75.2319
1.8100,75.3771
1.8200,75.5221
1.8300,75.6669
1.8400,75.8115
1.8500,75.9558
1.8600,76.1000
1.8700,76.2439
1.8800,76.3877
1.8900,76.5312
1.9000,76.6745
1.9100,76.8176
1.9200,76.9605
1.9300,77.1031
1.9400,77.2456
1.9500,77.3878
1.9600,77.5298
1.9700,77.6716
1.9800,77.8132
1.9900,77.9545
2.0000,78.0956
2.0100,78.2365
2.0200,78.3772
2.0300,78.5176
2.0400,78.6578
2.0500,78.7978
2.0600,78.9375
2.0700,79.0770
2.0800,79.2163
2.0900,79.3553
2.1000,79.4941
2.1100,79.6326
2.1200,79.7710
2.1300,79.9090
2.1400,80.0469
2.1500,80.1844
2.1600,80.3218
2.1700,80.4589
2.1800,80.5957
2.1900,80.7323
2.2000,80.8686
2.2100,81.0047
2.2200,81.1406
2.2300,81.2761
2.2400,81.4114
2.2500,81.5465
2.2600,81.6813
2.2700,81.8158
2.2800,81.9501
2.2900,82.0841
2.3000,82.2179
2.3100,82.3513
2.3200,82.4845
2.3300,82.6175
2.3400,82.7501
2.3500,82.8825
2.3600,83.0146
2.3700,83.1465
2.3800,83.2780
2.3900,83.4093
2.4000,83.5403
2.4100,83.6710
2.4200,83.8015
2.4300,83.9316
2.4400,84.0614
2.4500,84.1910
2.4600,84.3203
2.4700,84.4493
2.4800,84.5779
2.4900,84.7063
2.5000,84.8344
2.5100,84.9622
2.5200,85.0897
2.5300,85.2169
2.5400,85.3438
2.5500,85.4703
2.5600,85.5966
2.5700,85.7225
2.5800,85.8482
2.5900,85.9735
2.6000,86.0985
2.6100,86.2232
2.6200,86.3476
2.6300,86.4717
2.6400,86.5954
2.6500,86.7188
2.6600,86.8419
2.6700,86.9647
2.6800,87.0871
2.6900,87.2092
2.7000,87.3309
2.7100,87.4524
2.7200,87.5735
2.7300,87.6942
2.7400,87.8146
2.7500,87.9347
2.7600,88.0545
2.7700,88.1738
2.7800,88.2929
2.7900,88.4116
2.8000,88.5299
2.8100,88.6479
2.8200,88.7655
2.8300,88.8828
2.8400,88.9997
2.8500,89.1163
2.8600,89.2325
2.8700,89.3483
2.8800,89.4638
2.8900,89.5789
2.9000,89.6936
2.9100,89.8079
2.9200,89.9219
2.9300,90.0355
2.9400,90.1488
2.9500,90.2616
2.9600,90.3741
2.9700,90.4862
2.9800,90.5979
2.9900,90.7092
3.0000,90.7092
3.0100,90.7092
3.0200,90.7092
3.0300,90.7092
3.0400,90.7092
3.0500,90.7092
3.0600,90.7092
3.0700,90.7092
3.0800,90.7092
3.0900,90.7092
3.1000,90.7092
3.1100,90.7092
3.1200,90.7092
3.1300,90.7092
3.1400,90.7092
3.1500,90.7092
3.1600,90.7092
3.1700,90.7092
3.1800,90.7092
3.1900,90.7092
3.2000,90.7092
3.2100,90.7092
3.2200,90.7092
3.2300,90.7092
3.2400,90.7092
3.2500,90.7092
3.2600,90.7092
3.2700,90.7092
3.2800,90.7092
3.2900,90.7092
3.3000,90.7092
3.3100,90.7092
3.3200,90.7092
3.3300,90.7092
3.3400,90.7092
3.3500,90.7092
3.3600,90.7092
3.3700,90.7092
3.3800,90.7092
3.3900,90.7092
3.4000,90.7092
3.4100,90.7092
3.4200,90.7092
3.4300,90.7092
3.4400,90.7092
3.4500,90.7092
3.4600,90.7092
3.4700,90.7092
3.4800,90.7092
3.4900,90.7092
3.5000,90.7092
3.5100,90.7092
3.5200,90.7092
3.5300,90.7092
3.5400,90.7092
3.5500,90.7092
3.5600,90.7092
3.5700,90.7092
3.5800,90.7092
3.5900,90.7092
3.6000,90.7092
3.6100,90.7092
3.6200,90.7092
3.6300,90.7092
3.6400,90.7092
3.6500,90.7092
3.6600,90.7092
3.6700,90.7092
3.6800,90.7092
3.6900,90.7092
3.7000,90.7092
3.7100,90.7092
3.7200,90.7092
3.7300,90.7092
3.7400,90.7092
3.7500,90.7092
3.7600,90.7092
3.7700,90.7092
3.7800,90.7092
3.7900,90.7092
3.8000,90.7092
3.8100,90.7092
3.8200,90.7092
3.8300,90.7092
3.8400,90.7092
3.8500,90.7092
3.8600,90.7092
3.8700,90.7092
3.8800,90.7092
3.8900,90.7092
3.9000,90.7092
3.9100,90.7092
3.9200,90.7092
3.9300,90.7092
3.9400,90.7092
3.9500,90.7092
3.9600,90.7092
3.9700,90.7092
3.9800,90.7092
3.9900,90.7092
4.0000,90.7092
4.0100,90.7092
4.0200,90.7092
4.0300,90.7092
4.0400,90.7092
4.0500,90.7092
4.0600,90.7092
4.0700,90.7092
4.0800,90.7092
4.0900,90.7092
4.1000,90.7092
4.1100,90.7092
4.1200,90.7092
4.1300,90.7092
4.1400,90.7092
4.1500,90.7092
4.1600,90.7092
4.1700,90.7092
4.1800,90.7092
4.1900,90.7092
4.2000,90.7092
4.2100,90.7092
4.2200,90.7092
4.2300,90.7092
4.2400,90.7092
4.2500,90.7092
4.2600,90.7092
4.2700,90.7092
4.2800,90.7092
4.2900,90.7092
4.3000,90.7092
4.3100,90.7092
4.3200,90.7092
4.3300,90.7092
4.3400,90.7092
4.3500,90.7092
4.3600,90.7092
4.3700,90.7092
4.3800,90.7092
4.3900,90.7092
4.4000,90.7092
4.4100,90.7092
4.4200,90.7092
4.4300,90.7092
4.4400,90.7092
4.4500,90.7092
4.4600,90.7092
4.4700,90.7092
4.4800,90.7092
4.4900,90.7092
4.5000,90.7092
4.5100,90.7092
4.5200,90.7092
4.5300,90.7092
4.5400,90.7092
4.5500,90.7092
4.5600,90.7092
4.5700,90.7092
4.5800,90.7092
4.5900,90.7092
4.6000,90.7092
4.6100,90.7092
4.6200,90.7092
4.6300,90.7092
4.6400,90.7092
4.6500,90.7092
4.6600,90.7092
4.6700,90.7092
4.6800,90.7092
4.6900,90.7092
4.7000,90.7092
4.7100,90.7092
4.7200,90.7092
4.7300,90.7092
4.7400,90.7092
4.7500,90.7092
4.7600,90.7092
4.7700,90.7092
4.7800,90.7092
4.7900,90.7092
4.8000,90.7092
4.8100,90.7092
4.8200,90.7092
4.8300,90.7092
4.8400,90.7092
4.8500,90.7092
4.8600,90.7092
4.8700,90.7092
4.8800,90.7092
4.8900,90.7092
4.9000,90.7092
4.9100,90.7092
4.9200,90.7092
4.9300,90.7092
4.9400,90.7092
4.9500,90.7092
4.9600,90.7092
4.9700,90.7092
4.9800,90.7092
4.9900,90.7092
5.0000,90.7092
5.0100,90.7092
5.0200,90.7092
5.0300,90.7092
5.0400,90.7092
5.0500,90.7092
5.0600,90.7092
5.0700,90.7092
5.0800,90.7092
5.0900,90.7092
5.1000,90.7092
5.1100,90.7092
5.1200,90.7092
5.1300,90.7092
5.1400,90.7092
5.1500,90.7092
5.1600,90.7092
5.1700,90.7092
5.1800,90.7092
5.1900,90.7092
5.2000,90.7092
5.2100,90.7092
5.2200,90.7092
5.2300,90.7092
5.2400,90.7092
5.2500,90.7092
5.2600,90.7092
5.2700,90.7092
5.2800,90.7092
5.2900,90.7092
5.3000,90.7092
5.3100,90.7092
5.3200,90.7092
5.3300,90.7092
5.3400,90.7092
5.3500,90.7092
5.3600,90.7092
5.3700,90.7092
5.3800,90.7092
5.3900,90.7092
5.4000,90.7092
5.4100,90.7092
5.4200,90.7092
5.4300,90.7092
5.4400,90.7092
5.4500,90.7092
5.4600,90.7092
5.4700,90.7092
5.4800,90.7092
5.4900,90.7092
5.5000,90.7092
5.5100,90.7092
5.5200,90.7092
5.5300,90.7092
5.5400,90.7092
5.5500,90.7092
5.5600,90.7092
5.5700,90.7092
5.5800,90.7092
5.5900,90.7092
5.6000,90.7092
5.6100,90.7092
5.6200,90.7092
5.6300,90.7092
5.6400,90.7092
5.6500,90.7092
5.6600,90.7092
5.6700,90.7092
5.6800,90.7092
5.6900,90.7092
5.7000,90.7092
5.7100,90.7092
5.7200,90.7092
5.7300,90.7092
5.7400,90.7092
5.7500,90.7092
5.7600,90.7092
5.7700,90.7092
5.7800,90.7092
5.7900,90.7092
5.8000,90.7092
5.8100,90.7092
5.8200,90.7092
5.8300,90.7092
5.8400,90.7092
5.8500,90.7092
5.8600,90.7092
5.8700,90.7092
5.8800,90.7092
5.8900,90.7092
5.9000,90.7092
5.9100,90.7092
5.9200,90.7092
5.9300,90.7092
5.9400,90.7092
5.9500,90.7092
5.9600,90.7092
5.9700,90.7092
5.9800,90.7092
5.9900,90.7092
6.0000,90.7092
6.0100,90.7092
6.0200,90.7092
6.0300,90.7092
6.0400,90.7092
6.0500,90.7092
6.0600,90.7092
6.0700,90.7092
6.0800,90.7092
6.0900,90.7092
6.1000,90.7092
6.1100,90.7092
6.1200,90.7092
6.1300,90.7092
6.1400,90.7092
6.1500,90.7092
6.1600,90.7092
6.1700,90.7092
6.1800,90.7092
6.1900,90.7092
6.2000,90.7092
6.2100,90.7092
6.2200,90.7092
6.2300,90.7092
6.2400,90.7092
6.2500,90.7092
6.2600,90.7092
6.2700,90.7092
6.2800,90.7092
6.2900,90.7092
6.3000,90.7092
6.3100,90.7092
6.3200,90.7092
6.3300,90.7092
6.3400,90.7092
6.3500,90.7092
6.3600,90.7092
6.3700,90.7092
6.3800,90.7092
6.3900,90.7092
6.4000,90.7092
6.4100,90.7092
6.4200,90.7092
6.4300,90.7092
6.4400,90.7092
6.4500,90.7092
6.4600,90.7092
6.4700,90.7092
6.4800,90.7092
6.4900,90.7092
6.5000,90.7092
6.5100,90.7092
6.5200,90.7092
6.5300,90.7092
6.5400,90.7092
6.5500,90.7092
6.5600,90.7092
6.5700,90.7092
6.5800,90.7092
6.5900,90.7092
6.6000,90.7092
6.6100,90.7092
6.6200,90.7092
6.6300,90.7092
6.6400,90.7092
6.6500,90.7092
6.6600,90.7092
6.6700,90.7092
6.6800,90.7092
6.6900,90.7092
6.7000,90.7092
6.7100,90.7092
6.7200,90.7092
6.7300,90.7092
6.7400,90.7092
6.7500,90.7092
6.7600,90.7092
6.7700,90.7092
6.7800,90.7092
6.7900,90.7092
6.8000,90.7092
6.8100,90.7092
6.8200,90.7092
6.8300,90.7092
6.8400,90.7092
6.8500,90.7092
6.8600,90.7092
6.8700,90.7092
6.8800,90.7092
6.8900,90.7092
6.9000,90.7092
6.9100,90.7092
6.9200,90.7092
6.9300,90.7092
6.9400,90.7092
6.9500,90.7092
6.9600,90.7092
6.9700,90.7092
6.9800,90.7092
6.9900,90.7092
7.0000,90.7092
7.0100,90.7092
7.0200,90.7092
7.0300,90.7092
7.0400,90.7092
7.0500,90.7092
7.0600,90.7092
7.0700,90.7092
7.0800,90.7092
7.0900,90.7092
7.1000,90.7092
7.1100,90.7092
7.1200,90.7092
7.1300,90.7092
7.1400,90.7092
7.1500,90.7092
7.1600,90.7092
7.1700,90.7092
7.1800,90.7092
7.1900,90.7092
7.2000,90.7092
7.2100,90.7092
7.2200,90.7092
7.2300,90.7092
7.2400,90.7092
7.2500,90.7092
7.2600,90.7092
7.2700,90.7092
7.2800,90.7092
7.2900,90.7092
7.3000,90.7092
7.3100,90.7092
7.3200,90.7092
7.3300,90.7092
7.3400,90.7092
7.3500,90.7092
7.3600,90.7092
7.3700,90.7092
7.3800,90.7092
7.3900,90.7092
7.4000,90.7092
7.4100,90.7092
7.4200,90.7092
7.4300,90.7092
7.4400,90.7092
7.4500,90.7092
7.4600,90.7092
7.4700,90.7092
7.4800,90.7092
7.4900,90.7092
7.5000,90.7092
7.5100,90.7092
7.5200,90.7092
7.5300,90.7092
7.5400,90.7092
7.5500,90.7092
7.5600,90.7092
7.5700,90.7092
7.5800,90.7092
7.5900,90.7092
7.6000,90.7092
7.6100,90.7092
7.6200,90.7092
7.6300,90.7092
7.6400,90.7092
7.6500,90.7092
7.6600,90.7092
7.6700,90.7092
7.6800,90.7092
7.6900,90.7092
7.7000,90.7092
7.7100,90.7092
7.7200,90.7092
7.7300,90.7092
7.7400,90.7092
7.7500,90.7092
7.7600,90.7092
7.7700,90.7092
7.7800,90.7092
7.7900,90.7092
7.8000,90.7092
7.8100,90.7092
7.8200,90.7092
7.8300,90.7092
7.8400,90.7092
7.8500,90.7092
7.8600,90.7092
7.8700,90.7092
7.8800,90.7092
7.8900,90.7092
7.9000,90.7092
7.9100,90.7092
7.9200,90.7092
7.9300,90.7092
7.9400,90.7092
7.9500,90.7092
7.9600,90.7092
7.9700,90.7092
7.9800,90.7092
7.9900,90.7092
8.0000,90.7092
8.0100,90.7092
8.0200,90.7092
8.0300,90.7092
8.0400,90.7092
8.0500,90.7092
8.0600,90.7092
8.0700,90.7092
8.0800,90.7092
8.0900,90.7092
8.1000,90.7092
8.1100,90.7092
8.1200,90.7092
8.1300,90.7092
8.1400,90.7092
8.1500,90.7092
8.1600,90.7092
8.1700,90.7092
8.1800,90.7092
8.1900,90.7092
8.2000,90.7092
8.2100,90.7092
8.2200,90.7092
8.2300,90.7092
8.2400,90.7092
8.2500,90.7092
8.2600,90.7092
8.2700,90.7092
8.2800,90.7092
8.2900,90.7092
8.3000,90.7092
8.3100,90.7092
8.3200,90.7092
8.3300,90.7092
8.3400,90.7092
8.3500,90.7092
8.3600,90.7092
8.3700,90.7092
8.3800,90.7092
8.3900,90.7092
8.4000,90.7092
8.4100,90.7092
8.4200,90.7092
8.4300,90.7092
8.4400,90.7092
8.4500,90.7092
8.4600,90.7092
8.4700,90.7092
8.4800,90.7092
8.4900,90.7092
8.5000,90.7092
8.5100,90.7092
8.5200,90.7092
8.5300,90.7092
8.5400,90.7092
8.5500,90.7092
8.5600,90.7092
8.5700,90.7092
8.5800,90.7092
8.5900,90.7092
8.6000,90.7092
8.6100,90.7092
8.6200,90.7092
8.6300,90.7092
8.6400,90.7092
8.6500,90.7092
8.6600,90.7092
8.6700,90.7092
8.6800,90.7092
8.6900,90.7092
8.7000,90.7092
8.7100,90.7092
8.7200,90.7092
8.7300,90.7092
8.7400,90.7092
8.7500,90.7092
8.7600,90.7092
8.7700,90.7092
8.7800,90.7092
8.7900,90.7092
8.8000,90.7092
8.8100,90.7092
8.8200,90.7092
8.8300,90.7092
8.8400,90.7092
8.8500,90.7092
8.8600,90.7092
8.8700,90.7092
8.8800,90.7092
8.8900,90.7092
8.9000,90.7092
8.9100,90.7092
8.9200,90.7092
8.9300,90.7092
8.9400,90.7092
8.9500,90.7092
8.9600,90.7092
8.9700,90.7092
8.9800,90.7092
8.9900,90.7092
9.0000,90.7092
9.0100,90.7092
9.0200,90.7092
9.0300,90.7092
9.0400,90.7092
9.0500,90.7092
9.0600,90.7092
9.0700,90.7092
9.0800,90.7092
9.0900,90.7092
9.1000,90.7092
9.1100,90.7092
9.1200,90.7092
9.1300,90.7092
9.1400,90.7092
9.1500,90.7092
9.1600,90.7092
9.1700,90.7092
9.1800,90.7092
9.1900,90.7092
9.2000,90.7092
9.2100,90.7092
9.2200,90.7092
9.2300,90.7092
9.2400,90.7092
9.2500,90.7092
9.2600,90.7092
9.2700,90.7092
9.2800,90.7092
9.2900,90.7092
9.3000,90.7092
9.3100,90.7092
9.3200,90.7092
9.3300,90.7092
9.3400,90.7092
9.3500,90.7092
9.3600,90.7092
9.3700,90.7092
9.3800,90.7092
9.3900,90.7092
9.4000,90.7092
9.4100,90.7092
9.4200,90.7092
9.4300,90.7092
9.4400,90.7092
9.4500,90.7092
9.4600,90.7092
9.4700,90.7092
9.4800,90.7092
9.4900,90.7092
9.5000,90.7092
9.5100,90.7092
9.5200,90.7092
9.5300,90.7092
9.5400,90.7092
9.5500,90.7092
9.5600,90.7092
9.5700,90.7092
9.5800,90.7092
9.5900,90.7092
9.6000,90.7092
9.6100,90.7092
9.6200,90.7092
9.6300,90.7092
9.6400,90.7092
9.6500,90.7092
9.6600,90.7092
9.6700,90.7092
9.6800,90.7092
9.6900,90.7092
9.7000,90.7092
9.7100,90.7092
9.7200,90.7092
9.7300,90.7092
9.7400,90.7092
9.7500,90.7092
9.7600,90.7092
9.7700,90.7092
9.7800,90.7092
9.7900,90.7092
9.8000,90.7092
9.8100,90.7092
9.8200,90.7092
9.8300,90.7092
9.8400,90.7092
9.8500,90.7092
9.8600,90.7092
9.8700,90.7092
9.8800,90.7092
9.8900,90.7092
9.9000,90.7092
9.9100,90.7092
9.9200,90.7092
9.9300,90.7092
9.9400,90.7092
9.9500,90.7092
9.9600,90.7092
9.9700,90.7092
9.9800,90.7092
9.9900,90.7092
10.0000,90.7092
10.0100,90.7092
10.0200,90.7092
10.0300,90.7092
10.0400,90.7092
10.0500,90.7092
10.0600,90.7092
10.0700,90.7092
10.0800,90.7092
10.0900,90.7092
10.1000,90.7092
10.1100,90.7092
10.1200,90.7092
10.1300,90.7092
10.1400,90.7092
10.1500,90.7092
10.1600,90.7092
10.1700,90.7092
10.1800,90.7092
10.1900,90.7092
10.2000,90.7092
10.2100,90.7092
10.2200,90.7092
10.2300,90.7092
10.2400,90.7092
10.2500,90.7092
10.2600,90.7092
10.2700,90.7092
10.2800,90.7092
10.2900,90.7092
10.3000,90.7092
10.3100,90.7092
10.3200,90.7092
10.3300,90.7092
10.3400,90.7092
10.3500,90.7092
10.3600,90.7092
10.3700,90.7092
10.3800,90.7092
10.3900,90.7092
10.4000,90.7092
10.4100,90.7092
10.4200,90.7092
10.4300,90.7092
10.4400,90.7092
10.4500,90.7092
10.4600,90.7092
10.4700,90.7092
10.4800,90.7092
10.4900,90.7092
10.5000,90.7092
10.5100,90.7092
10.5200,90.7092
10.5300,90.7092
10.5400,90.7092
10.5500,90.7092
10.5600,90.7092
10.5700,90.7092
10.5800,90.7092
10.5900,90.7092
10.6000,90.7092
10.6100,90.7092
10.6200,90.7092
10.6300,90.7092
10.6400,90.7092
10.6500,90.7092
10.6600,90.7092
10.6700,90.7092
10.6800,90.7092
10.6900,90.7092
10.7000,90.7092
10.7100,90.7092
10.7200,90.7092
10.7300,90.7092
10.7400,90.7092
10.7500,90.7092
10.7600,90.7092
10.7700,90.7092
10.7800,90.7092
10.7900,90.7092
10.8000,90.7092
10.8100,90.7092
10.8200,90.7092
10.8300,90.7092
10.8400,90.7092
10.8500,90.7092
10.8600,90.7092
10.8700,90.7092
10.8800,90.7092
10.8900,90.7092
10.9000,90.7092
10.9100,90.7092
10.9200,90.7092
10.9300,90.7092
10.9400,90.7092
10.9500,90.7092
10.9600,90.7092
10.9700,90.7092
10.9800,90.7092
10.9900,90.7092
11.0000,90.7092
11.0100,90.7092
11.0200,90.7092
11.0300,90.7092
11.0400,90.7092
11.0500,90.7092
11.0600,90.7092
11.0700,90.7092
11.0800,90.7092
11.0900,90.7092
11.1000,90.7092
11.1100,90.7092
11.1200,90.7092
11.1300,90.7092
11.1400,90.7092
11.1500,90.7092
11.1600,90.7092
11.1700,90.7092
11.1800,90.7092
11.1900,90.7092
11.2000,90.7092
11.2100,90.7092
11.2200,90.7092
11.2300,90.7092
11.2400,90.7092
11.2500,90.7092
11.2600,90.7092
11.2700,90.7092
11.2800,90.7092
11.2900,90.7092
11.3000,90.7092
11.3100,90.7092
11.3200,90.7092
11.3300,90.7092
11.3400,90.7092
11.3500,90.7092
11.3600,90.7092
11.3700,90.7092
11.3800,90.7092
11.3900,90.7092
11.4000,90.7092
11.4100,90.7092
11.4200,90.7092
11.4300,90.7092
11.4400,90.7092
11.4500,90.7092
11.4600,90.7092
11.4700,90.7092
11.4800,90.7092
11.4900,90.7092
11.5000,90.7092
11.5100,90.7092
11.5200,90.7092
11.5300,90.7092
11.5400,90.7092
11.5500,90.7092
11.5600,90.7092
11.5700,90.7092
11.5800,90.7092
11.5900,90.7092
11.6000,90.7092
11.6100,90.7092
11.6200,90.7092
11.6300,90.7092
11.6400,90.7092
11.6500,90.7092
11.6600,90.7092
11.6700,90.7092
11.6800,90.7092
11.6900,90.7092
11.7000,90.7092
11.7100,90.7092
11.7200,90.7092
11.7300,90.7092
11.7400,90.7092
11.7500,90.7092
11.7600,90.7092
11.7700,90.7092
11.7800,90.7092
11.7900,90.7092
11.8000,90.7092
11.8100,90.7092
11.8200,90.7092
11.8300,90.7092
11.8400,90.7092
11.8500,90.7092
11.8600,90.7092
11.8700,90.7092
11.8800,90.7092
11.8900,90.7092
11.9000,90.7092
11.9100,90.7092
11.9200,90.7092
11.9300,90.7092
11.9400,90.7092
11.9500,90.7092
11.9600,90.7092
11.9700,90.7092
11.9800,90.7092
11.9900,90.7092
12.0000,90.7092
12.0100,90.7092
12.0200,90.7092
12.0300,90.7092
12.0400,90.7092
12.0500,90.7092
12.0600,90.7092
12.0700,90.7092
12.0800,90.7092
12.0900,90.7092
12.1000,90.7092
12.1100,90.7092
12.1200,90.7092
12.1300,90.7092
12.1400,90.7092
12.1500,90.7092
12.1600,90.7092
12.1700,90.7092
12.1800,90.7092
12.1900,90.7092
12.2000,90.7092
12.2100,90.7092
12.2200,90.7092
12.2300,90.7092
12.2400,90.7092
12.2500,90.7092
12.2600,90.7092
12.2700,90.7092
12.2800,90.7092
12.2900,90.7092
12.3000,90.7092
12.3100,90.7092
12.3200,90.7092
12.3300,90.7092
12.3400,90.7092
12.3500,90.7092
12.3600,90.7092
12.3700,90.7092
12.3800,90.7092
12.3900,90.7092
12.4000,90.7092
12.4100,90.7092
12.4200,90.7092
12.4300,90.7092
12.4400,90.7092
12.4500,90.7092
12.4600,90.7092
12.4700,90.7092
12.4800,90.7092
12.4900,90.7092
12.5000,90.7092
12.5100,90.7092
12.5200,90.7092
12.5300,90.7092
12.5400,90.7092
12.5500,90.7092
12.5600,90.7092
12.5700,90.7092
12.5800,90.7092
12.5900,90.7092
12.6000,90.7092
12.6100,90.7092
12.6200,90.7092
12.6300,90.7092
12.6400,90.7092
12.6500,90.7092
12.6600,90.7092
12.6700,90.7092
12.6800,90.7092
12.6900,90.7092
12.7000,90.7092
12.7100,90.7092
12.7200,90.7092
12.7300,90.7092
12.7400,90.7092
12.7500,90.7092
12.7600,90.7092
12.7700,90.7092
12.7800,90.7092
12.7900,90.7092
12.8000,90.7092
12.8100,90.7092
12.8200,90.7092
12.8300,90.7092
12.8400,90.7092
12.8500,90.7092
12.8600,90.7092
12.8700,90.7092
12.8800,90.7092
12.8900,90.7092
12.9000,90.7092
12.9100,90.7092
12.9200,90.7092
12.9300,90.7092
12.9400,90.7092
12.9500,90.7092
12.9600,90.7092
12.9700,90.7092
12.9800,90.7092
12.9900,90.7092
13.0000,90.7092
13.0100,90.7092
13.0200,90.7092
13.0300,90.7092
13.0400,90.7092
13.0500,90.7092
13.0600,90.7092
13.0700,90.7092
13.0800,90.7092
13.0900,90.7092
13.1000,90.7092
13.1100,90.7092
13.1200,90.7092
13.1300,90.7092
13.1400,90.7092
13.1500,90.7092
13.1600,90.7092
13.1700,90.7092
13.1800,90.7092
13.1900,90.7092
13.2000,90.7092
13.2100,90.7092
13.2200,90.7092
13.2300,90.7092
13.2400,90.7092
13.2500,90.7092
13.2600,90.7092
13.2700,90.7092
13.2800,90.7092
13.2900,90.7092
13.3000,90.7092
13.3100,90.7092
13.3200,90.7092
13.3300,90.7092
13.3400,90.7092
13.3500,90.7092
13.3600,90.7092
13.3700,90.7092
13.3800,90.7092
13.3900,90.7092
13.4000,90.7092
13.4100,90.7092
13.4200,90.7092
13.4300,90.7092
13.4400,90.7092
13.4500,90.7092
13.4600,90.7092
13.4700,90.7092
13.4800,90.7092
13.4900,90.7092
13.5000,90.7092
13.5100,90.7092
13.5200,90.7092
13.5300,90.7092
13.5400,90.7092
13.5500,90.7092
13.5600,90.7092
13.5700,90.7092
13.5800,90.7092
13.5900,90.7092
13.6000,90.7092
13.6100,90.7092
13.6200,90.7092
13.6300,90.7092
13.6400,90.7092
13.6500,90.7092
13.6600,90.7092
13.6700,90.7092
13.6800,90.7092
13.6900,90.7092
13.7000,90.7092
13.7100,90.7092
13.7200,90.7092
13.7300,90.7092
13.7400,90.7092
13.7500,90.7092
13.7600,90.7092
13.7700,90.7092
13.7800,90.7092
13.7900,90.7092
13.8000,90.7092
13.8100,90.7092
13.8200,90.7092
13.8300,90.7092
13.8400,90.7092
13.8500,90.7092
13.8600,90.7092
13.8700,90.7092
13.8800,90.7092
13.8900,90.7092
13.9000,90.7092
13.9100,90.7092
13.9200,90.7092
13.9300,90.7092
13.9400,90.7092
13.9500,90.7092
13.9600,90.7092
13.9700,90.7092
13.9800,90.7092
13.9900,90.7092
14.0000,90.7092
14.0100,90.7092
14.0200,90.7092
14.0300,90.7092
14.0400,90.7092
14.0500,90.7092
14.0600,90.7092
14.0700,90.7092
14.0800,90.7092
14.0900,90.7092
14.1000,90.7092
14.1100,90.7092
14.1200,90.7092
14.1300,90.7092
14.1400,90.7092
14.1500,90.7092
14.1600,90.7092
14.1700,90.7092
14.1800,90.7092
14.1900,90.7092
14.2000,90.7092
14.2100,90.7092
14.2200,90.7092
14.2300,90.7092
14.2400,90.7092
14.2500,90.7092
14.2600,90.7092
14.2700,90.7092
14.2800,90.7092
14.2900,90.7092
14.3000,90.7092
14.3100,90.7092
14.3200,90.7092
14.3300,90.7092
14.3400,90.7092
14.3500,90.7092
14.3600,90.7092
14.3700,90.7092
14.3800,90.7092
14.3900,90.7092
14.4000,90.7092
14.4100,90.7092
14.4200,90.7092
14.4300,90.7092
14.4400,90.7092
14.4500,90.7092
14.4600,90.7092
14.4700,90.7092
14.4800,90.7092
14.4900,90.7092
14.5000,90.7092
14.5100,90.7092
14.5200,90.7092
14.5300,90.7092
14.5400,90.7092
14.5500,90.7092
14.5600,90.7092
14.5700,90.7092
14.5800,90.7092
14.5900,90.7092
14.6000,90.7092
14.6100,90.7092
14.6200,90.7092
14.6300,90.7092
14.6400,90.7092
14.6500,90.7092
14.6600,90.7092
14.6700,90.7092
14.6800,90.7092
14.6900,90.7092
14.7000,90.7092
14.7100,90.7092
14.7200,90.7092
14.7300,90.7092
14.7400,90.7092
14.7500,90.7092
14.7600,90.7092
14.7700,90.7092
14.7800,90.7092
14.7900,90.7092
14.8000,90.7092
14.8100,90.7092
14.8200,90.7092
14.8300,90.7092
14.8400,90.7092
14.8500,90.7092
14.8600,90.7092
14.8700,90.7092
14.8800,90.7092
14.8900,90.7092
14.9000,90.7092
14.9100,90.7092
14.9200,90.7092
14.9300,90.7092
14.9400,90.7092
14.9500,90.7092
14.9600,90.7092
14.9700,90.7092
14.9800,90.7092
14.9900,90.7092
15.0000,90.7092
15.0100,90.7092
15.0200,90.7092
15.0300,90.7092
15.0400,90.7092
15.0500,90.7092
15.0600,90.7092
15.0700,90.7092
15.0800,90.7092
15.0900,90.7092
15.1000,90.7092
15.1100,90.7092
15.1200,90.7092
15.1300,90.7092
15.1400,90.7092
15.1500,90.7092
15.1600,90.7092
15.1700,90.7092
15.1800,90.7092
15.1900,90.7092
15.2000,90.7092
15.2100,90.7092
15.2200,90.7092
15.2300,90.7092
15.2400,90.7092
15.2500,90.7092
15.2600,90.7092
15.2700,90.7092
15.2800,90.7092
15.2900,90.7092
15.3000,90.7092
15.3100,90.7092
15.3200,90.7092
15.3300,90.7092
15.3400,90.7092
15.3500,90.7092
15.3600,90.7092
15.3700,90.7092
15.3800,90.7092
15.3900,90.7092
15.4000,90.7092
15.4100,90.7092
15.4200,90.7092
15.4300,90.7092
15.4400,90.7092
15.4500,90.7092
15.4600,90.7092
15.4700,90.7092
15.4800,90.7092
15.4900,90.7092
15.5000,90.7092
15.5100,90.7092
15.5200,90.7092
15.5300,90.7092
15.5400,90.7092
15.5500,90.7092
15.5600,90.7092
15.5700,90.7092
15.5800,90.7092
15.5900,90.7092
15.6000,90.7092
15.6100,90.7092
15.6200,90.7092
15.6300,90.7092
15.6400,90.7092
15.6500,90.7092
15.6600,90.7092
15.6700,90.7092
15.6800,90.7092
15.6900,90.7092
15.7000,90.7092
15.7100,90.7092
15.7200,90.7092
15.7300,90.7092
15.7400,90.7092
15.7500,90.7092
15.7600,90.7092
15.7700,90.7092
15.7800,90.7092
15.7900,90.7092
15.8000,90.7092
15.8100,90.7092
15.8200,90.7092
15.8300,90.7092
15.8400,90.7092
15.8500,90.7092
15.8600,90.7092
15.8700,90.7092
15.8800,90.7092
15.8900,90.7092
15.9000,90.7092
15.9100,90.7092
15.9200,90.7092
15.9300,90.7092
15.9400,90.7092
15.9500,90.7092
15.9600,90.7092
15.9700,90.7092
15.9800,90.7092
15.9900,90.7092
16.0000,90.7092
16.0100,90.7092
16.0200,90.7092
16.0300,90.7092
16.0400,90.7092
16.0500,90.7092
16.0600,90.7092
16.0700,90.7092
16.0800,90.7092
16.0900,90.7092
16.1000,90.7092
16.1100,90.7092
16.1200,90.7092
16.1300,90.7092
16.1400,90.7092
16.1500,90.7092
16.1600,90.7092
16.1700,90.7092
16.1800,90.7092
16.1900,90.7092
16.2000,90.7092
16.2100,90.7092
16.2200,90.7092
16.2300,90.7092
16.2400,90.7092
16.2500,90.7092
16.2600,90.7092
16.2700,90.7092
16.2800,90.7092
16.2900,90.7092
16.3000,90.7092
16.3100,90.7092
16.3200,90.7092
16.3300,90.7092
16.3400,90.7092
16.3500,90.7092
16.3600,90.7092
16.3700,90.7092
16.3800,90.7092
16.3900,90.7092
16.4000,90.7092
16.4100,90.7092
16.4200,90.7092
16.4300,90.7092
16.4400,90.7092
16.4500,90.7092
16.4600,90.7092
16.4700,90.7092
16.4800,90.7092
16.4900,90.7092
16.5000,90.7092
16.5100,90.7092
16.5200,90.7092
16.5300,90.7092
16.5400,90.7092
16.5500,90.7092
16.5600,90.7092
16.5700,90.7092
16.5800,90.7092
16.5900,90.7092
16.6000,90.7092
16.6100,90.7092
16.6200,90.7092
16.6300,90.7092
16.6400,90.7092
16.6500,90.7092
16.6600,90.7092
16.6700,90.7092
16.6800,90.7092
16.6900,90.7092
16.7000,90.7092
16.7100,90.7092
16.7200,90.7092
16.7300,90.7092
16.7400,90.7092
16.7500,90.7092
16.7600,90.7092
16.7700,90.7092
16.7800,90.7092
16.7900,90.7092
16.8000,90.7092
16.8100,90.7092
16.8200,90.7092
16.8300,90.7092
16.8400,90.7092
16.8500,90.7092
16.8600,90.7092
16.8700,90.7092
16.8800,90.7092
16.8900,90.7092
16.9000,90.7092
16.9100,90.7092
16.9200,90.7092
16.9300,90.7092
16.9400,90.7092
16.9500,90.7092
16.9600,90.7092
16.9700,90.7092
16.9800,90.7092
16.9900,90.7092
17.0000,90.7092
17.0100,90.7092
17.0200,90.7092
17.0300,90.7092
17.0400,90.7092
17.0500,90.7092
17.0600,90.7092
17.0700,90.7092
17.0800,90.7092
17.0900,90.7092
17.1000,90.7092
17.1100,90.7092
17.1200,90.7092
17.1300,90.7092
17.1400,90.7092
17.1500,90.7092
17.1600,90.7092
17.1700,90.7092
17.1800,90.7092
17.1900,90.7092
17.2000,90.7092
17.2100,90.7092
17.2200,90.7092
17.2300,90.7092
17.2400,90.7092
17.2500,90.7092
17.2600,90.7092
17.2700,90.7092
17.2800,90.7092
17.2900,90.7092
17.3000,90.7092
17.3100,90.7092
17.3200,90.7092
17.3300,90.7092
17.3400,90.7092
17.3500,90.7092
17.3600,90.7092
17.3700,90.7092
17.3800,90.7092
17.3900,90.7092
17.4000,90.7092
17.4100,90.7092
17.4200,90.7092
17.4300,90.7092
17.4400,90.7092
17.4500,90.7092
17.4600,90.7092
17.4700,90.7092
17.4800,90.7092
17.4900,90.7092
17.5000,90.7092
17.5100,90.7092
17.5200,90.7092
17.5300,90.7092
17.5400,90.7092
17.5500,90.7092
17.5600,90.7092
17.5700,90.7092
17.5800,90.7092
17.5900,90.7092
17.6000,90.7092
17.6100,90.7092
17.6200,90.7092
17.6300,90.7092
17.6400,90.7092
17.6500,90.7092
17.6600,90.7092
17.6700,90.7092
17.6800,90.7092
17.6900,90.7092
17.7000,90.7092
17.7100,90.7092
17.7200,90.7092
17.7300,90.7092
17.7400,90.7092
17.7500,90.7092
17.7600,90.7092
17.7700,90.7092
17.7800,90.7092
17.7900,90.7092
17.8000,90.7092
17.8100,90.7092
17.8200,90.7092
17.8300,90.7092
17.8400,90.7092
17.8500,90.7092
17.8600,90.7092
17.8700,90.7092
17.8800,90.7092
17.8900,90.7092
17.9000,90.7092
17.9100,90.7092
17.9200,90.7092
17.9300,90.7092
17.9400,90.7092
17.9500,90.7092
17.9600,90.7092
17.9700,90.7092
17.9800,90.7092
17.9900,90.7092
18.0000,90.7092
18.0100,90.7092
18.0200,90.7092
18.0300,90.7092
18.0400,90.7092
18.0500,90.7092
18.0600,90.7092
18.0700,90.7092
18.0800,90.7092
18.0900,90.7092
18.1000,90.7092
18.1100,90.7092
18.1200,90.7092
18.1300,90.7092
18.1400,90.7092
18.1500,90.7092
18.1600,90.7092
18.1700,90.7092
18.1800,90.7092
18.1900,90.7092
18.2000,90.7092
18.2100,90.7092
18.2200,90.7092
18.2300,90.7092
18.2400,90.7092
18.2500,90.7092
18.2600,90.7092
18.2700,90.7092
18.2800,90.7092
18.2900,90.7092
18.3000,90.7092
18.3100,90.7092
18.3200,90.7092
18.3300,90.7092
18.3400,90.7092
18.3500,90.7092
18.3600,90.7092
18.3700,90.7092
18.3800,90.7092
18.3900,90.7092
18.4000,90.7092
18.4100,90.7092
18.4200,90.7092
18.4300,90.7092
18.4400,90.7092
18.4500,90.7092
18.4600,90.7092
18.4700,90.7092
18.4800,90.7092
18.4900,90.7092
18.5000,90.7092
18.5100,90.7092
18.5200,90.7092
18.5300,90.7092
18.5400,90.7092
18.5500,90.7092
18.5600,90.7092
18.5700,90.7092
18.5800,90.7092
18.5900,90.7092
18.6000,90.7092
18.6100,90.7092
18.6200,90.7092
18.6300,90.7092
18.6400,90.7092
18.6500,90.7092
18.6600,90.7092
18.6700,90.7092
18.6800,90.7092
18.6900,90.7092
18.7000,90.7092
18.7100,90.7092
18.7200,90.7092
18.7300,90.7092
18.7400,90.7092
18.7500,90.7092
18.7600,90.7092
18.7700,90.7092
18.7800,90.7092
18.7900,90.7092
18.8000,90.7092
18.8100,90.7092
18.8200,90.7092
18.8300,90.7092
18.8400,90.7092
18.8500,90.7092
18.8600,90.7092
18.8700,90.7092
18.8800,90.7092
18.8900,90.7092
18.9000,90.7092
18.9100,90.7092
18.9200,90.7092
18.9300,90.7092
18.9400,90.7092
18.9500,90.7092
18.9600,90.7092
18.9700,90.7092
18.9800,90.7092
18.9900,90.7092
19.0000,90.7092
19.0100,90.7092
19.0200,90.7092
19.0300,90.7092
19.0400,90.7092
19.0500,90.7092
19.0600,90.7092
19.0700,90.7092
19.0800,90.7092
19.0900,90.7092
19.1000,90.7092
19.1100,90.7092
19.1200,90.7092
19.1300,90.7092
19.1400,90.7092
19.1500,90.7092
19.1600,90.7092
19.1700,90.7092
19.1800,90.7092
19.1900,90.7092
19.2000,90.7092
19.2100,90.7092
19.2200,90.7092
19.2300,90.7092
19.2400,90.7092
19.2500,90.7092
19.2600,90.7092
19.2700,90.7092
19.2800,90.7092
19.2900,90.7092
19.3000,90.7092
19.3100,90.7092
19.3200,90.7092
19.3300,90.7092
19.3400,90.7092
19.3500,90.7092
19.3600,90.7092
19.3700,90.7092
19.3800,90.7092
19.3900,90.7092
19.4000,90.7092
19.4100,90.7092
19.4200,90.7092
19.4300,90.7092
19.4400,90.7092
19.4500,90.7092
19.4600,90.7092
19.4700,90.7092
19.4800,90.7092
19.4900,90.7092
19.5000,90.7092
19.5100,90.7092
19.5200,90.7092
19.5300,90.7092
19.5400,90.7092
19.5500,90.7092
19.5600,90.7092
19.5700,90.7092
19.5800,90.7092
19.5900,90.7092
19.6000,90.7092
19.6100,90.7092
19.6200,90.7092
19.6300,90.7092
19.6400,90.7092
19.6500,90.7092
19.6600,90.7092
19.6700,90.7092
19.6800,90.7092
19.6900,90.7092
19.7000,90.7092
19.7100,90.7092
19.7200,90.7092
19.7300,90.7092
19.7400,90.7092
19.7500,90.7092
19.7600,90.7092
19.7700,90.7092
19.7800,90.7092
19.7900,90.7092
19.8000,90.7092
19.8100,90.7092
19.8200,90.7092
19.8300,90.7092
19.8400,90.7092
19.8500,90.7092
19.8600,90.7092
19.8700,90.7092
19.8800,90.7092
19.8900,90.7092
19.9000,90.7092
19.9100,90.7092
19.9200,90.7092
19.9300,90.7092
19.9400,90.7092
19.9500,90.7092
19.9600,90.7092
19.9700,90.7092
19.9800,90.7092
19.9900,90.7092
20.0000,90.7092
20.0100,90.7092
20.0200,90.7092
20.0300,90.7092
20.0400,90.7092
20.0500,90.7092
20.0600,90.7092
20.0700,90.7092
20.0800,90.7092
20.0900,90.7092
20.1000,90.7092
20.1100,90.7092
20.1200,90.7092
20.1300,90.7092
20.1400,90.7092
20.1500,90.7092
20.1600,90.7092
20.1700,90.7092
20.1800,90.7092
20.1900,90.7092
20.2000,90.7092
20.2100,90.7092
20.2200,90.7092
20.2300,90.7092
20.2400,90.7092
20.2500,90.7092
20.2600,90.7092
20.2700,90.7092
20.2800,90.7092
20.2900,90.7092
20.3000,90.7092
20.3100,90.7092
20.3200,90.7092
20.3300,90.7092
20.3400,90.7092
20.3500,90.7092
20.3600,90.7092
20.3700,90.7092
20.3800,90.7092
20.3900,90.7092
20.4000,90.7092
20.4100,90.7092
20.4200,90.7092
20.4300,90.7092
20.4400,90.7092
20.4500,90.7092
20.4600,90.7092
20.4700,90.7092
20.4800,90.7092
20.4900,90.7092
20.5000,90.7092
20.5100,90.7092
20.5200,90.7092
20.5300,90.7092
20.5400,90.7092
20.5500,90.7092
20.5600,90.7092
20.5700,90.7092
20.5800,90.7092
20.5900,90.7092
20.6000,90.7092
20.6100,90.7092
20.6200,90.7092
20.6300,90.7092
20.6400,90.7092
20.6500,90.7092
20.6600,90.7092
20.6700,90.7092
20.6800,90.7092
20.6900,90.7092
20.7000,90.7092
20.7100,90.7092
20.7200,90.7092
20.7300,90.7092
20.7400,90.7092
20.7500,90.7092
20.7600,90.7092
20.7700,90.7092
20.7800,90.7092
20.7900,90.7092
20.8000,90.7092
20.8100,90.7092
20.8200,90.7092
20.8300,90.7092
20.8400,90.7092
20.8500,90.7092
20.8600,90.7092
20.8700,90.7092
20.8800,90.7092
20.8900,90.7092
20.9000,90.7092
20.9100,90.7092
20.9200,90.7092
20.9300,90.7092
20.9400,90.7092
20.9500,90.7092
20.9600,90.7092
20.9700,90.7092
20.9800,90.7092
20.9900,90.7092
21.0000,90.7092
21.0100,90.5979
21.0200,90.4862
21.0300,90.3741
21.0400,90.2616
21.0500,90.1488
21.0600,90.0355
21.0700,89.9219
21.0800,89.8079
21.0900,89.6936
21.1000,89.5789
21.1100,89.4638
21.1200,89.3483
21.1300,89.2325
21.1400,89.1163
21.1500,88.9997
21.1600,88.8828
21.1700,88.7655
21.1800,88.6479
21.1900,88.5299
21.2000,88.4116
21.2100,88.2929
21.2200,88.1738
21.2300,88.0545
21.2400,87.9347
21.2500,87.8146
21.2600,87.6942
21.2700,87.5735
21.2800,87.4524
21.2900,87.3309
21.3000,87.2092
21.3100,87.0871
21.3200,86.9647
21.3300,86.8419
21.3400,86.7188
21.3500,86.5954
21.3600,86.4717
21.3700,86.3476
21.3800,86.2232
21.3900,86.0985
21.4000,85.9735
21.4100,85.8482
21.4200,85.7225
21.4300,85.5966
21.4400,85.4703
21.4500,85.3438
21.4600,85.2169
21.4700,85.0897
21.4800,84.9622
21.4900,84.8344
21.5000,84.7063
21.5100,84.5779
21.5200,84.4493
21.5300,84.3203
21.5400,84.1910
21.5500,84.0614
21.5600,83.9316
21.5700,83.8015
21.5800,83.6710
21.5900,83.5403
21.6000,83.4093
21.6100,83.2780
21.6200,83.1465
21.6300,83.0146
21.6400,82.8825
21.6500,82.7501
21.6600,82.6175
21.6700,82.4845
21.6800,82.3513
21.6900,82.2179
21.7000,82.0841
21.7100,81.9501
21.7200,81.8158
21.7300,81.6813
21.7400,81.5465
21.7500,81.4114
21.7600,81.2761
21.7700,81.1406
21.7800,81.0047
21.7900,80.8686
21.8000,80.7323
21.8100,80.5957
21.8200,80.4589
21.8300,80.3218
21.8400,80.1844
21.8500,80.0469
21.8600,79.9090
21.8700,79.7710
21.8800,79.6326
21.8900,79.4941
21.9000,79.3553
21.9100,79.2163
21.9200,79.0770
21.9300,78.9375
21.9400,78.7978
21.9500,78.6578
21.9600,78.5176
21.9700,78.3772
21.9800,78.2365
21.9900,78.0956
22.0000,77.9545
22.0100,77.8132
22.0200,77.6716
22.0300,77.5298
22.0400,77.3878
22.0500,77.2456
22.0600,77.1031
22.0700,76.9605
22.0800,76.8176
22.0900,76.6745
22.1000,76.5312
22.1100,76.3877
22.1200,76.2439
22.1300,76.1000
22.1400,75.9558
22.1500,75.8115
22.1600,75.6669
22.1700,75.5221
22.1800,75.3771
22.1900,75.2319
22.2000,75.0865
22.2100,74.9409
22.2200,74.7951
22.2300,74.6491
22.2400,74.5029
22.2500,74.3565
22.2600,74.2099
22.2700,74.0631
22.2800,73.9161
22.2900,73.7689
22.3000,73.6215
22.3100,73.4739
22.3200,73.3262
22.3300,73.1782
22.3400,73.0300
22.3500,72.8817
22.3600,72.7332
22.3700,72.5844
22.3800,72.4355
22.3900,72.2864
22.4000,72.1371
22.4100,71.9877
22.4200,71.8380
22.4300,71.6881
22.4400,71.5381
22.4500,71.3879
22.4600,71.2375
22.4700,71.0869
22.4800,70.9362
22.4900,70.7852
22.5000,70.6341
22.5100,70.4828
22.5200,70.3314
22.5300,70.1797
22.5400,70.0279
22.5500,69.8759
22.5600,69.7237
22.5700,69.5713
22.5800,69.4188
22.5900,69.2661
22.6000,69.1132
22.6100,68.9601
22.6200,68.8069
22.6300,68.6535
22.6400,68.4999
22.6500,68.3462
22.6600,68.1922
22.6700,68.0381
22.6800,67.8839
22.6900,67.7294
22.7000,67.5748
22.7100,67.4200
22.7200,67.2651
22.7300,67.1099
22.7400,66.9547
22.7500,66.7992
22.7600,66.6436
22.7700,66.4878
22.7800,66.3318
22.7900,66.1756
22.8000,66.0193
22.8100,65.8629
22.8200,65.7062
22.8300,65.5494
22.8400,65.3924
22.8500,65.2353
22.8600,65.0779
22.8700,64.9204
22.8800,64.7628
22.8900,64.6050
22.9000,64.4470
22.9100,64.2888
22.9200,64.1305
22.9300,63.9720
22.9400,63.8133
22.9500,63.6545
22.9600,63.4954
22.9700,63.3363
22.9800,63.1769
22.9900,63.0174
23.0000,62.8577
23.0100,62.6979
23.0200,62.5378
23.0300,62.3776
23.0400,62.2173
23.0500,62.0567
23.0600,61.8960
23.0700,61.7351
23.0800,61.5740
23.0900,61.4128
23.1000,61.2514
23.1100,61.0898
23.1200,60.9281
23.1300,60.7661
23.1400,60.6040
23.1500,60.4418
23.1600,60.2793
23.1700,60.1167
23.1800,59.9539
23.1900,59.7909
23.2000,59.6277
23.2100,59.4644
23.2200,59.3008
23.2300,59.1371
23.2400,58.9732
23.2500,58.8091
23.2600,58.6449
23.2700,58.4804
23.2800,58.3158
23.2900,58.1510
23.3000,57.9860
23.3100,57.8208
23.3200,57.6554
23.3300,57.4899
23.3400,57.3241
23.3500,57.1581
23.3600,56.9920
23.3700,56.8257
23.3800,56.6591
23.3900,56.4924
23.4000,56.3255
23.4100,56.1584
23.4200,55.9910
23.4300,55.8235
23.4400,55.6558
23.4500,55.4878
23.4600,55.3197
23.4700,55.1514
23.4800,54.9828
23.4900,54.8140
23.5000,54.6451
23.5100,54.4759
23.5200,54.3065
23.5300,54.1369
23.5400,53.9670
23.5500,53.7970
23.5600,53.6267
23.5700,53.4562
23.5800,53.2855
23.5900,53.1146
23.6000,52.9434
23.6100,52.7720
23.6200,52.6003
23.6300,52.4285
23.6400,52.2564
23.6500,52.0840
23.6600,51.9115
23.6700,51.7386
23.6800,51.5656
23.6900,51.3923
23.7000,51.2187
23.7100,51.0449
23.7200,50.8708
23.7300,50.6965
23.7400,50.5219
23.7500,50.3471
23.7600,50.1720
23.7700,49.9966
23.7800,49.8210
23.7900,49.6451
23.8000,49.4689
23.8100,49.2925
23.8200,49.1157
23.8300,48.9387
23.8400,48.7614
23.8500,48.5838
23.8600,48.4060
23.8700,48.2278
23.8800,48.0493
23.8900,47.8706
23.9000,47.6915
23.9100,47.5121
23.9200,47.3324
23.9300,47.1524
23.9400,46.9721
23.9500,46.7914
23.9600,46.6104
23.9700,46.4291
23.9800,46.2475
23.9900,46.0655
