0.0000,-62.8463
0.0100,-63.0606
0.0200,-63.2738
0.0300,-63.4860
0.0400,-63.6971
0.0500,-63.9071
0.0600,-64.1162
0.0700,-64.3242
0.0800,-64.5312
0.0900,-64.7372
0.1000,-64.9421
0.1100,-65.1461
0.1200,-65.3491
0.1300,-65.5511
0.1400,-65.7522
0.1500,-65.9522
0.1600,-66.1513
0.1700,-66.3495
0.1800,-66.5467
0.1900,-66.7430
0.2000,-66.9384
0.2100,-67.1328
0.2200,-67.3263
0.2300,-67.5189
0.2400,-67.7105
0.2500,-67.9013
0.2600,-68.0912
0.2700,-68.2802
0.2800,-68.4683
0.2900,-68.6555
0.3000,-68.8419
0.3100,-69.0274
0.3200,-69.2120
0.3300,-69.3958
0.3400,-69.5787
0.3500,-69.7607
0.3600,-69.9420
0.3700,-70.1223
0.3800,-70.3019
0.3900,-70.4806
0.4000,-70.6585
0.4100,-70.8356
0.4200,-71.0118
0.4300,-71.1872
0.4400,-71.3619
0.4500,-71.5357
0.4600,-71.7087
0.4700,-71.8810
0.4800,-72.0524
0.4900,-72.2231
0.5000,-72.3929
0.5100,-72.5620
0.5200,-72.7303
0.5300,-72.8979
0.5400,-73.0647
0.5500,-73.2307
0.5600,-73.3959
0.5700,-73.5604
0.5800,-73.7241
0.5900,-73.8871
0.6000,-74.0493
0.6100,-74.2108
0.6200,-74.3715
0.6300,-74.5315
0.6400,-74.6908
0.6500,-74.8493
0.6600,-75.0071
0.6700,-75.1641
0.6800,-75.3205
0.6900,-75.4761
0.7000,-75.6309
0.7100,-75.7851
0.7200,-75.9386
0.7300,-76.0913
0.7400,-76.2433
0.7500,-76.3947
0.7600,-76.5453
0.7700,-76.6952
0.7800,-76.8444
0.7900,-76.9929
0.8000,-77.1407
0.8100,-77.2879
0.8200,-77.4343
0.8300,-77.5800
0.8400,-77.7251
0.8500,-77.8695
0.8600,-78.0131
0.8700,-78.1561
0.8800,-78.2985
0.8900,-78.4401
0.9000,-78.5811
0.9100,-78.7214
0.9200,-78.8610
0.9300,-78.9999
0.9400,-79.1382
0.9500,-79.2758
0.9600,-79.4128
0.9700,-79.5491
0.9800,-79.6847
0.9900,-79.8197
1.0000,-79.9540
1.0100,-80.0876
1.0200,-80.2206
1.0300,-80.3530
1.0400,-80.4847
1.0500,-80.6157
1.0600,-80.7461
1.0700,-80.8758
1.0800,-81.0049
1.0900,-81.1334
1.1000,-81.2612
1.1100,-81.3883
1.1200,-81.5149
1.1300,-81.6407
1.1400,-81.7660
1.1500,-81.8906
1.1600,-82.0145
1.1700,-82.1379
1.1800,-82.2606
1.1900,-82.3826
1.2000,-82.5041
1.2100,-82.6249
1.2200,-82.7450
1.2300,-82.8646
1.2400,-82.9835
1.2500,-83.1018
1.2600,-83.2194
1.2700,-83.3365
1.2800,-83.4529
1.2900,-83.5687
1.3000,-83.6838
1.3100,-83.7984
1.3200,-83.9123
1.3300,-84.0256
1.3400,-84.1383
1.3500,-84.2503
1.3600,-84.3618
1.3700,-84.4726
1.3800,-84.5828
1.3900,-84.6924
1.4000,-84.8014
1.4100,-84.9098
1.4200,-85.0176
1.4300,-85.1247
1.4400,-85.2313
1.4500,-85.3372
1.4600,-85.4425
1.4700,-85.5472
1.4800,-85.6513
1.4900,-85.7548
1.5000,-85.8577
1.5100,-85.9600
1.5200,-86.0616
1.5300,-86.1627
1.5400,-86.2631
1.5500,-86.3630
1.5600,-86.4622
1.5700,-86.5609
1.5800,-86.6589
1.5900,-86.7564
1.6000,-86.8532
1.6100,-86.9494
1.6200,-87.0451
1.6300,-87.1401
1.6400,-87.2345
1.6500,-87.3283
1.6600,-87.4216
1.6700,-87.5142
1.6800,-87.6062
1.6900,-87.6977
1.7000,-87.7885
1.7100,-87.8787
1.7200,-87.9684
1.7300,-88.0574
1.7400,-88.1458
1.7500,-88.2337
1.7600,-88.3209
1.7700,-88.4076
1.7800,-88.4936
1.7900,-88.5791
1.8000,-88.6640
1.8100,-88.7482
1.8200,-88.8319
1.8300,-88.9150
1.8400,-88.9975
1.8500,-89.0793
1.8600,-89.1606
1.8700,-89.2413
1.8800,-89.3214
1.8900,-89.4010
1.9000,-89.4799
1.9100,-89.5582
1.9200,-89.6359
1.9300,-89.7131
1.9400,-89.7896
1.9500,-89.8656
1.9600,-89.9409
1.9700,-90.0157
1.9800,-90.0899
1.9900,-90.1635
2.0000,-90.2365
2.0100,-90.3089
2.0200,-90.3807
2.0300,-90.4519
2.0400,-90.5225
2.0500,-90.5925
2.0600,-90.6620
2.0700,-90.7308
2.0800,-90.7991
2.0900,-90.8668
2.1000,-90.9338
2.1100,-91.0003
2.1200,-91.0662
2.1300,-91.1315
2.1400,-91.1962
2.1500,-91.2604
2.1600,-91.3239
2.1700,-91.3868
2.1800,-91.4492
2.1900,-91.5109
2.2000,-91.5721
2.2100,-91.6327
2.2200,-91.6927
2.2300,-91.7521
2.2400,-91.8109
2.2500,-91.8691
2.2600,-91.9267
2.2700,-91.9837
2.2800,-92.0402
2.2900,-92.0960
2.3000,-92.1513
2.3100,-92.2060
2.3200,-92.2601
2.3300,-92.3135
2.3400,-92.3664
2.3500,-92.4188
2.3600,-92.4705
2.3700,-92.5216
2.3800,-92.5721
2.3900,-92.6221
2.4000,-92.6714
2.4100,-92.7202
2.4200,-92.7684
2.4300,-92.8159
2.4400,-92.8629
2.4500,-92.9093
2.4600,-92.9551
2.4700,-93.0003
2.4800,-93.0450
2.4900,-93.0890
2.5000,-93.1324
2.5100,-93.1753
2.5200,-93.2176
2.5300,-93.2592
2.5400,-93.3003
2.5500,-93.3408
2.5600,-93.3807
2.5700,-93.4200
2.5800,-93.4587
2.5900,-93.4968
2.6000,-93.5343
2.6100,-93.5713
2.6200,-93.6076
2.6300,-93.6434
2.6400,-93.6785
2.6500,-93.7131
2.6600,-93.7470
2.6700,-93.7804
2.6800,-93.8132
2.6900,-93.8454
2.7000,-93.8770
2.7100,-93.9080
2.7200,-93.9384
2.7300,-93.9683
2.7400,-93.9975
2.7500,-94.0261
2.7600,-94.0542
2.7700,-94.0816
2.7800,-94.1085
2.7900,-94.1348
2.8000,-94.1605
2.8100,-94.1855
2.8200,-94.2100
2.8300,-94.2339
2.8400,-94.2572
2.8500,-94.2799
2.8600,-94.3021
2.8700,-94.3236
2.8800,-94.3445
2.8900,-94.3648
2.9000,-94.3846
2.9100,-94.4037
2.9200,-94.4223
2.9300,-94.4403
2.9400,-94.4576
2.9500,-94.4744
2.9600,-94.4906
2.9700,-94.5062
2.9800,-94.5212
2.9900,-94.5356
3.0000,-94.5356
3.0100,-94.5155
3.0200,-94.4951
3.0300,-94.4744
3.0400,-94.4534
3.0500,-94.4321
3.0600,-94.4105
3.0700,-94.3886
3.0800,-94.3664
3.0900,-94.3439
3.1000,-94.3210
3.1100,-94.2979
3.1200,-94.2745
3.1300,-94.2508
3.1400,-94.2268
3.1500,-94.2025
3.1600,-94.1779
3.1700,-94.1530
3.1800,-94.1278
3.1900,-94.1022
3.2000,-94.0764
3.2100,-94.0503
3.2200,-94.0239
3.2300,-93.9972
3.2400,-93.9702
3.2500,-93.9428
3.2600,-93.9152
3.2700,-93.8873
3.2800,-93.8591
3.2900,-93.8306
3.3000,-93.8017
3.3100,-93.7726
3.3200,-93.7432
3.3300,-93.7135
3.3400,-93.6835
3.3500,-93.6531
3.3600,-93.6225
3.3700,-93.5916
3.3800,-93.5604
3.3900,-93.5288
3.4000,-93.4970
3.4100,-93.4649
3.4200,-93.4324
3.4300,-93.3997
3.4400,-93.3667
3.4500,-93.3334
3.4600,-93.2997
3.4700,-93.2658
3.4800,-93.2316
3.4900,-93.1971
3.5000,-93.1622
3.5100,-93.1271
3.5200,-93.0917
3.5300,-93.0559
3.5400,-93.0199
3.5500,-92.9836
3.5600,-92.9470
3.5700,-92.9100
3.5800,-92.8728
3.5900,-92.8353
3.6000,-92.7974
3.6100,-92.7593
3.6200,-92.7209
3.6300,-92.6822
3.6400,-92.6431
3.6500,-92.6038
3.6600,-92.5642
3.6700,-92.5242
3.6800,-92.4840
3.6900,-92.4435
3.7000,-92.4027
3.7100,-92.3615
3.7200,-92.3201
3.7300,-92.2784
3.7400,-92.2364
3.7500,-92.1940
3.7600,-92.1514
3.7700,-92.1085
3.7800,-92.0652
3.7900,-92.0217
3.8000,-91.9779
3.8100,-91.9338
3.8200,-91.8893
3.8300,-91.8446
3.8400,-91.7996
3.8500,-91.7543
3.8600,-91.7086
3.8700,-91.6627
3.8800,-91.6165
3.8900,-91.5700
3.9000,-91.5231
3.9100,-91.4760
3.9200,-91.4286
3.9300,-91.3809
3.9400,-91.3328
3.9500,-91.2845
3.9600,-91.2359
3.9700,-91.1870
3.9800,-91.1377
3.9900,-91.0882
4.0000,-91.0384
4.0100,-90.9883
4.0200,-90.9378
4.0300,-90.8871
4.0400,-90.8361
4.0500,-90.7848
4.0600,-90.7331
4.0700,-90.6812
4.0800,-90.6290
4.0900,-90.5765
4.1000,-90.5236
4.1100,-90.4705
4.1200,-90.4171
4.1300,-90.3634
4.1400,-90.3093
4.1500,-90.2550
4.1600,-90.2004
4.1700,-90.1454
4.1800,-90.0902
4.1900,-90.0347
4.2000,-89.9788
4.2100,-89.9227
4.2200,-89.8663
4.2300,-89.8095
4.2400,-89.7525
4.2500,-89.6952
4.2600,-89.6375
4.2700,-89.5796
4.2800,-89.5213
4.2900,-89.4628
4.3000,-89.4040
4.3100,-89.3448
4.3200,-89.2854
4.3300,-89.2256
4.3400,-89.1656
4.3500,-89.1052
4.3600,-89.0446
4.3700,-88.9836
4.3800,-88.9223
4.3900,-88.8608
4.4000,-88.7989
4.4100,-88.7368
4.4200,-88.6743
4.4300,-88.6115
4.4400,-88.5485
4.4500,-88.4851
4.4600,-88.4214
4.4700,-88.3574
4.4800,-88.2931
4.4900,-88.2285
4.5000,-88.1637
4.5100,-88.0985
4.5200,-88.0330
4.5300,-87.9672
4.5400,-87.9011
4.5500,-87.8347
4.5600,-87.7679
4.5700,-87.7009
4.5800,-87.6336
4.5900,-87.5660
4.6000,-87.4981
4.6100,-87.4298
4.6200,-87.3613
4.6300,-87.2924
4.6400,-87.2233
4.6500,-87.1538
4.6600,-87.0841
4.6700,-87.0140
4.6800,-86.9436
4.6900,-86.8730
4.7000,-86.8020
4.7100,-86.7307
4.7200,-86.6591
4.7300,-86.5872
4.7400,-86.5150
4.7500,-86.4425
4.7600,-86.3697
4.7700,-86.2965
4.7800,-86.2231
4.7900,-86.1493
4.8000,-86.0753
4.8100,-86.0009
4.8200,-85.9263
4.8300,-85.8513
4.8400,-85.7760
4.8500,-85.7004
4.8600,-85.6245
4.8700,-85.5483
4.8800,-85.4718
4.8900,-85.3949
4.9000,-85.3178
4.9100,-85.2403
4.9200,-85.1626
4.9300,-85.0845
4.9400,-85.0061
4.9500,-84.9274
4.9600,-84.8484
4.9700,-84.7691
4.9800,-84.6894
4.9900,-84.6095
5.0000,-84.5292
5.0100,-84.4486
5.0200,-84.3678
5.0300,-84.2866
5.0400,-84.2050
5.0500,-84.1232
5.0600,-84.0411
5.0700,-83.9586
5.0800,-83.8758
5.0900,-83.7928
5.1000,-83.7094
5.1100,-83.6256
5.1200,-83.5416
5.1300,-83.4573
5.1400,-83.3726
5.1500,-83.2876
5.1600,-83.2023
5.1700,-83.1167
5.1800,-83.0307
5.1900,-82.9445
5.2000,-82.8579
5.2100,-82.7710
5.2200,-82.6838
5.2300,-82.5962
5.2400,-82.5084
5.2500,-82.4202
5.2600,-82.3317
5.2700,-82.2429
5.2800,-82.1537
5.2900,-82.0642
5.3000,-81.9744
5.3100,-81.8843
5.3200,-81.7939
5.3300,-81.7031
5.3400,-81.6120
5.3500,-81.5206
5.3600,-81.4289
5.3700,-81.3368
5.3800,-81.2444
5.3900,-81.1517
5.4000,-81.0586
5.4100,-80.9652
5.4200,-80.8715
5.4300,-80.7775
5.4400,-80.6831
5.4500,-80.5884
5.4600,-80.4934
5.4700,-80.3980
5.4800,-80.3023
5.4900,-80.2063
5.5000,-80.1100
5.5100,-80.0133
5.5200,-79.9162
5.5300,-79.8189
5.5400,-79.7212
5.5500,-79.6231
5.5600,-79.5248
5.5700,-79.4261
5.5800,-79.3270
5.5900,-79.2276
5.6000,-79.1279
5.6100,-79.0279
5.6200,-78.9275
5.6300,-78.8267
5.6400,-78.7256
5.6500,-78.6242
5.6600,-78.5224
5.6700,-78.4203
5.6800,-78.3178
5.6900,-78.2150
5.7000,-78.1119
5.7100,-78.0084
5.7200,-77.9046
5.7300,-77.8004
5.7400,-77.6958
5.7500,-77.5909
5.7600,-77.4857
5.7700,-77.3801
5.7800,-77.2741
5.7900,-77.1678
5.8000,-77.0612
5.8100,-76.9542
5.8200,-76.8468
5.8300,-76.7391
5.8400,-76.6310
5.8500,-76.5226
5.8600,-76.4138
5.8700,-76.3047
5.8800,-76.1952
5.8900,-76.0853
5.9000,-75.9750
5.9100,-75.8644
5.9200,-75.7535
5.9300,-75.6422
5.9400,-75.5305
5.9500,-75.4184
5.9600,-75.3060
5.9700,-75.1932
5.9800,-75.0800
5.9900,-74.9665
6.0000,-74.9665
6.0100,-75.0571
6.0200,-75.1474
6.0300,-75.2375
6.0400,-75.3273
6.0500,-75.4169
6.0600,-75.5063
6.0700,-75.5954
6.0800,-75.6842
6.0900,-75.7728
6.1000,-75.8612
6.1100,-75.9493
6.1200,-76.0372
6.1300,-76.1249
6.1400,-76.2123
6.1500,-76.2995
6.1600,-76.3864
6.1700,-76.4731
6.1800,-76.5595
6.1900,-76.6457
6.2000,-76.7317
6.2100,-76.8174
6.2200,-76.9029
6.2300,-76.9882
6.2400,-77.0732
6.2500,-77.1580
6.2600,-77.2425
6.2700,-77.3268
6.2800,-77.4109
6.2900,-77.4948
6.3000,-77.5784
6.3100,-77.6617
6.3200,-77.7449
6.3300,-77.8278
6.3400,-77.9105
6.3500,-77.9929
6.3600,-78.0751
6.3700,-78.1571
6.3800,-78.2389
6.3900,-78.3204
6.4000,-78.4017
6.4100,-78.4827
6.4200,-78.5636
6.4300,-78.6442
6.4400,-78.7245
6.4500,-78.8047
6.4600,-78.8846
6.4700,-78.9643
6.4800,-79.0438
6.4900,-79.1230
6.5000,-79.2020
6.5100,-79.2808
6.5200,-79.3593
6.5300,-79.4377
6.5400,-79.5158
6.5500,-79.5936
6.5600,-79.6713
6.5700,-79.7487
6.5800,-79.8259
6.5900,-79.9029
6.6000,-79.9797
6.6100,-80.0562
6.6200,-80.1325
6.6300,-80.2086
6.6400,-80.2845
6.6500,-80.3601
6.6600,-80.4355
6.6700,-80.5107
6.6800,-80.5857
6.6900,-80.6605
6.7000,-80.7350
6.7100,-80.8093
6.7200,-80.8834
6.7300,-80.9573
6.7400,-81.0310
6.7500,-81.1044
6.7600,-81.1776
6.7700,-81.2506
6.7800,-81.3234
6.7900,-81.3960
6.8000,-81.4683
6.8100,-81.5404
6.8200,-81.6123
6.8300,-81.6840
6.8400,-81.7555
6.8500,-81.8268
6.8600,-81.8978
6.8700,-81.9686
6.8800,-82.0392
6.8900,-82.1096
6.9000,-82.1798
6.9100,-82.2498
6.9200,-82.3195
6.9300,-82.3890
6.9400,-82.4583
6.9500,-82.5274
6.9600,-82.5963
6.9700,-82.6650
6.9800,-82.7334
6.9900,-82.8017
7.0000,-82.8697
7.0100,-82.9375
7.0200,-83.0051
7.0300,-83.0725
7.0400,-83.1397
7.0500,-83.2066
7.0600,-83.2734
7.0700,-83.3399
7.0800,-83.4062
7.0900,-83.4724
7.1000,-83.5383
7.1100,-83.6039
7.1200,-83.6694
7.1300,-83.7347
7.1400,-83.7997
7.1500,-83.8646
7.1600,-83.9292
7.1700,-83.9936
7.1800,-84.0578
7.1900,-84.1218
7.2000,-84.1856
7.2100,-84.2492
7.2200,-84.3125
7.2300,-84.3757
7.2400,-84.4387
7.2500,-84.5014
7.2600,-84.5639
7.2700,-84.6262
7.2800,-84.6883
7.2900,-84.7502
7.3000,-84.8119
7.3100,-84.8734
7.3200,-84.9347
7.3300,-84.9957
7.3400,-85.0566
7.3500,-85.1172
7.3600,-85.1777
7.3700,-85.2379
7.3800,-85.2979
7.3900,-85.3578
7.4000,-85.4174
7.4100,-85.4768
7.4200,-85.5359
7.4300,-85.5949
7.4400,-85.6537
7.4500,-85.7123
7.4600,-85.7706
7.4700,-85.8288
7.4800,-85.8867
7.4900,-85.9445
7.5000,-86.0020
7.5100,-86.0594
7.5200,-86.1165
7.5300,-86.1734
7.5400,-86.2301
7.5500,-86.2866
7.5600,-86.3429
7.5700,-86.3990
7.5800,-86.4549
7.5900,-86.5106
7.6000,-86.5660
7.6100,-86.6213
7.6200,-86.6764
7.6300,-86.7312
7.6400,-86.7859
7.6500,-86.8403
7.6600,-86.8946
7.6700,-86.9486
7.6800,-87.0024
7.6900,-87.0560
7.7000,-87.1095
7.7100,-87.1627
7.7200,-87.2157
7.7300,-87.2685
7.7400,-87.3211
7.7500,-87.3735
7.7600,-87.4257
7.7700,-87.4777
7.7800,-87.5295
7.7900,-87.5811
7.8000,-87.6324
7.8100,-87.6836
7.8200,-87.7346
7.8300,-87.7853
7.8400,-87.8359
7.8500,-87.8862
7.8600,-87.9364
7.8700,-87.9863
7.8800,-88.0361
7.8900,-88.0856
7.9000,-88.1350
7.9100,-88.1841
7.9200,-88.2330
7.9300,-88.2818
7.9400,-88.3303
7.9500,-88.3786
7.9600,-88.4267
7.9700,-88.4746
7.9800,-88.5224
7.9900,-88.5699
8.0000,-88.6172
8.0100,-88.6643
8.0200,-88.7112
8.0300,-88.7579
8.0400,-88.8044
8.0500,-88.8506
8.0600,-88.8967
8.0700,-88.9426
8.0800,-88.9883
8.0900,-89.0338
8.1000,-89.0791
8.1100,-89.1241
8.1200,-89.1690
8.1300,-89.2137
8.1400,-89.2581
8.1500,-89.3024
8.1600,-89.3465
8.1700,-89.3903
8.1800,-89.4340
8.1900,-89.4774
8.2000,-89.5207
8.2100,-89.5637
8.2200,-89.6066
8.2300,-89.6492
8.2400,-89.6917
8.2500,-89.7339
8.2600,-89.7759
8.2700,-89.8178
8.2800,-89.8594
8.2900,-89.9008
8.3000,-89.9421
8.3100,-89.9831
8.3200,-90.0239
8.3300,-90.0645
8.3400,-90.1050
8.3500,-90.1452
8.3600,-90.1852
8.3700,-90.2250
8.3800,-90.2646
8.3900,-90.3040
8.4000,-90.3432
8.4100,-90.3822
8.4200,-90.4210
8.4300,-90.4596
8.4400,-90.4981
8.4500,-90.5362
8.4600,-90.5742
8.4700,-90.6120
8.4800,-90.6496
8.4900,-90.6870
8.5000,-90.7242
8.5100,-90.7612
8.5200,-90.7980
8.5300,-90.8346
8.5400,-90.8710
8.5500,-90.9071
8.5600,-90.9431
8.5700,-90.9789
8.5800,-91.0145
8.5900,-91.0499
8.6000,-91.0850
8.6100,-91.1200
8.6200,-91.1548
8.6300,-91.1893
8.6400,-91.2237
8.6500,-91.2579
8.6600,-91.2918
8.6700,-91.3256
8.6800,-91.3592
8.6900,-91.3925
8.7000,-91.4257
8.7100,-91.4586
8.7200,-91.4914
8.7300,-91.5239
8.7400,-91.5563
8.7500,-91.5884
8.7600,-91.6204
8.7700,-91.6521
8.7800,-91.6837
8.7900,-91.7150
8.8000,-91.7462
8.8100,-91.7771
8.8200,-91.8078
8.8300,-91.8384
8.8400,-91.8687
8.8500,-91.8988
8.8600,-91.9288
8.8700,-91.9585
8.8800,-91.9880
8.8900,-92.0173
8.9000,-92.0465
8.9100,-92.0754
8.9200,-92.1041
8.9300,-92.1326
8.9400,-92.1609
8.9500,-92.1891
8.9600,-92.2170
8.9700,-92.2447
8.9800,-92.2722
8.9900,-92.2995
9.0000,-92.2995
9.0100,-92.1859
9.0200,-92.0720
9.0300,-91.9576
9.0400,-91.8429
9.0500,-91.7277
9.0600,-91.6122
9.0700,-91.4962
9.0800,-91.3799
9.0900,-91.2631
9.1000,-91.1460
9.1100,-91.0285
9.1200,-90.9105
9.1300,-90.7922
9.1400,-90.6734
9.1500,-90.5543
9.1600,-90.4348
9.1700,-90.3148
9.1800,-90.1945
9.1900,-90.0737
9.2000,-89.9526
9.2100,-89.8310
9.2200,-89.7090
9.2300,-89.5867
9.2400,-89.4639
9.2500,-89.3407
9.2600,-89.2171
9.2700,-89.0931
9.2800,-88.9687
9.2900,-88.8439
9.3000,-88.7187
9.3100,-88.5930
9.3200,-88.4670
9.3300,-88.3405
9.3400,-88.2137
9.3500,-88.0864
9.3600,-87.9587
9.3700,-87.8306
9.3800,-87.7020
9.3900,-87.5731
9.4000,-87.4437
9.4100,-87.3140
9.4200,-87.1838
9.4300,-87.0531
9.4400,-86.9221
9.4500,-86.7906
9.4600,-86.6588
9.4700,-86.5265
9.4800,-86.3937
9.4900,-86.2606
9.5000,-86.1270
9.5100,-85.9930
9.5200,-85.8586
9.5300,-85.7237
9.5400,-85.5885
9.5500,-85.4527
9.5600,-85.3166
9.5700,-85.1800
9.5800,-85.0430
9.5900,-84.9056
9.6000,-84.7677
9.6100,-84.6294
9.6200,-84.4906
9.6300,-84.3514
9.6400,-84.2118
9.6500,-84.0717
9.6600,-83.9312
9.6700,-83.7903
9.6800,-83.6489
9.6900,-83.5070
9.7000,-83.3647
9.7100,-83.2220
9.7200,-83.0788
9.7300,-82.9351
9.7400,-82.7910
9.7500,-82.6465
9.7600,-82.5015
9.7700,-82.3560
9.7800,-82.2101
9.7900,-82.0637
9.8000,-81.9169
9.8100,-81.7696
9.8200,-81.6219
9.8300,-81.4736
9.8400,-81.3249
9.8500,-81.1758
9.8600,-81.0262
9.8700,-80.8761
9.8800,-80.7255
9.8900,-80.5744
9.9000,-80.4229
9.9100,-80.2709
9.9200,-80.1184
9.9300,-79.9655
9.9400,-79.8120
9.9500,-79.6581
9.9600,-79.5037
9.9700,-79.3488
9.9800,-79.1934
9.9900,-79.0375
10.0000,-78.8811
10.0100,-78.7243
10.0200,-78.5669
10.0300,-78.4090
10.0400,-78.2506
10.0500,-78.0918
10.0600,-77.9324
10.0700,-77.7725
10.0800,-77.6121
10.0900,-77.4512
10.1000,-77.2897
10.1100,-77.1278
10.1200,-76.9653
10.1300,-76.8023
10.1400,-76.6388
10.1500,-76.4748
10.1600,-76.3102
10.1700,-76.1451
10.1800,-75.9795
10.1900,-75.8133
10.2000,-75.6466
10.2100,-75.4793
10.2200,-75.3115
10.2300,-75.1432
10.2400,-74.9743
10.2500,-74.8049
10.2600,-74.6349
10.2700,-74.4643
10.2800,-74.2932
10.2900,-74.1215
10.3000,-73.9492
10.3100,-73.7764
10.3200,-73.6030
10.3300,-73.4291
10.3400,-73.2545
10.3500,-73.0794
10.3600,-72.9037
10.3700,-72.7274
10.3800,-72.5505
10.3900,-72.3730
10.4000,-72.1949
10.4100,-72.0162
10.4200,-71.8369
10.4300,-71.6570
10.4400,-71.4764
10.4500,-71.2953
10.4600,-71.1135
10.4700,-70.9311
10.4800,-70.7481
10.4900,-70.5645
10.5000,-70.3802
10.5100,-70.1952
10.5200,-70.0097
10.5300,-69.8234
10.5400,-69.6366
10.5500,-69.4490
10.5600,-69.2608
10.5700,-69.0719
10.5800,-68.8824
10.5900,-68.6922
10.6000,-68.5013
10.6100,-68.3097
10.6200,-68.1174
10.6300,-67.9245
10.6400,-67.7308
10.6500,-67.5364
10.6600,-67.3414
10.6700,-67.1456
10.6800,-66.9490
10.6900,-66.7518
10.7000,-66.5538
10.7100,-66.3551
10.7200,-66.1556
10.7300,-65.9554
10.7400,-65.7544
10.7500,-65.5527
10.7600,-65.3502
10.7700,-65.1469
10.7800,-64.9429
10.7900,-64.7380
10.8000,-64.5324
10.8100,-64.3259
10.8200,-64.1187
10.8300,-63.9106
10.8400,-63.7018
10.8500,-63.4921
10.8600,-63.2815
10.8700,-63.0701
10.8800,-62.8579
10.8900,-62.6448
10.9000,-62.4308
10.9100,-62.2160
10.9200,-62.0003
10.9300,-61.7837
10.9400,-61.5661
10.9500,-61.3477
10.9600,-61.1284
10.9700,-60.9081
10.9800,-60.6869
10.9900,-60.4648
11.0000,-60.2417
11.0100,-60.0176
11.0200,-59.7926
11.0300,-59.5665
11.0400,-59.3395
11.0500,-59.1115
11.0600,-58.8825
11.0700,-58.6524
11.0800,-58.4213
11.0900,-58.1891
11.1000,-57.9559
11.1100,-57.7216
11.1200,-57.4862
11.1300,-57.2498
11.1400,-57.0122
11.1500,-56.7735
11.1600,-56.5336
11.1700,-56.2926
11.1800,-56.0505
11.1900,-55.8071
11.2000,-55.5626
11.2100,-55.3168
11.2200,-55.0699
11.2300,-54.8216
11.2400,-54.5722
11.2500,-54.3214
11.2600,-54.0694
11.2700,-53.8161
11.2800,-53.5614
11.2900,-53.3054
11.3000,-53.0480
11.3100,-52.7893
11.3200,-52.5291
11.3300,-52.2676
11.3400,-52.0046
11.3500,-51.7401
11.3600,-51.4742
11.3700,-51.2067
11.3800,-50.9377
11.3900,-50.6672
11.4000,-50.3951
11.4100,-50.1214
11.4200,-49.8460
11.4300,-49.5691
11.4400,-49.2904
11.4500,-49.0100
11.4600,-48.7279
11.4700,-48.4440
11.4800,-48.1584
11.4900,-47.8709
11.5000,-47.5815
11.5100,-47.2903
11.5200,-46.9971
11.5300,-46.7020
11.5400,-46.4049
11.5500,-46.1057
11.5600,-45.8045
11.5700,-45.5011
11.5800,-45.1956
11.5900,-44.8879
11.6000,-44.5780
11.6100,-44.2658
11.6200,-43.9512
11.6300,-43.6342
11.6400,-43.3148
11.6500,-42.9929
11.6600,-42.6685
11.6700,-42.3414
11.6800,-42.0117
11.6900,-41.6793
11.7000,-41.3441
11.7100,-41.0060
11.7200,-40.6649
11.7300,-40.3209
11.7400,-39.9738
11.7500,-39.6235
11.7600,-39.2700
11.7700,-38.9132
11.7800,-38.5529
11.7900,-38.1891
11.8000,-37.8217
11.8100,-37.4506
11.8200,-37.0757
11.8300,-36.6967
11.8400,-36.3137
11.8500,-35.9266
11.8600,-35.5350
11.8700,-35.1390
11.8800,-34.7383
11.8900,-34.3329
11.9000,-33.9225
11.9100,-33.5069
11.9200,-33.0860
11.9300,-32.6595
11.9400,-32.2273
11.9500,-31.7890
11.9600,-31.3445
11.9700,-30.8935
11.9800,-30.4357
11.9900,-29.9707
12.0000,-29.9707
12.0100,-30.0249
12.0200,-30.0786
12.0300,-30.1318
12.0400,-30.1845
12.0500,-30.2367
12.0600,-30.2884
12.0700,-30.3397
12.0800,-30.3905
12.0900,-30.4408
12.1000,-30.4906
12.1100,-30.5400
12.1200,-30.5889
12.1300,-30.6373
12.1400,-30.6853
12.1500,-30.7328
12.1600,-30.7798
12.1700,-30.8264
12.1800,-30.8725
12.1900,-30.9182
12.2000,-30.9634
12.2100,-31.0081
12.2200,-31.0525
12.2300,-31.0963
12.2400,-31.1397
12.2500,-31.1827
12.2600,-31.2252
12.2700,-31.2673
12.2800,-31.3090
12.2900,-31.3502
12.3000,-31.3910
12.3100,-31.4313
12.3200,-31.4712
12.3300,-31.5107
12.3400,-31.5497
12.3500,-31.5883
12.3600,-31.6265
12.3700,-31.6643
12.3800,-31.7016
12.3900,-31.7385
12.4000,-31.7750
12.4100,-31.8111
12.4200,-31.8467
12.4300,-31.8820
12.4400,-31.9168
12.4500,-31.9512
12.4600,-31.9852
12.4700,-32.0187
12.4800,-32.0519
12.4900,-32.0846
12.5000,-32.1170
12.5100,-32.1489
12.5200,-32.1804
12.5300,-32.2115
12.5400,-32.2422
12.5500,-32.2725
12.5600,-32.3025
12.5700,-32.3319
12.5800,-32.3610
12.5900,-32.3897
12.6000,-32.4180
12.6100,-32.4459
12.6200,-32.4734
12.6300,-32.5005
12.6400,-32.5273
12.6500,-32.5536
12.6600,-32.5795
12.6700,-32.6050
12.6800,-32.6301
12.6900,-32.6549
12.7000,-32.6792
12.7100,-32.7032
12.7200,-32.7268
12.7300,-32.7500
12.7400,-32.7727
12.7500,-32.7952
12.7600,-32.8172
12.7700,-32.8388
12.7800,-32.8601
12.7900,-32.8809
12.8000,-32.9014
12.8100,-32.9215
12.8200,-32.9412
12.8300,-32.9606
12.8400,-32.9795
12.8500,-32.9981
12.8600,-33.0163
12.8700,-33.0341
12.8800,-33.0515
12.8900,-33.0686
12.9000,-33.0853
12.9100,-33.1016
12.9200,-33.1175
12.9300,-33.1330
12.9400,-33.1482
12.9500,-33.1630
12.9600,-33.1774
12.9700,-33.1915
12.9800,-33.2051
12.9900,-33.2184
13.0000,-33.2314
13.0100,-33.2439
13.0200,-33.2561
13.0300,-33.2679
13.0400,-33.2793
13.0500,-33.2904
13.0600,-33.3011
13.0700,-33.3114
13.0800,-33.3214
13.0900,-33.3310
13.1000,-33.3402
13.1100,-33.3490
13.1200,-33.3575
13.1300,-33.3656
13.1400,-33.3733
13.1500,-33.3807
13.1600,-33.3877
13.1700,-33.3943
13.1800,-33.4006
13.1900,-33.4064
13.2000,-33.4120
13.2100,-33.4171
13.2200,-33.4219
13.2300,-33.4263
13.2400,-33.4304
13.2500,-33.4341
13.2600,-33.4374
13.2700,-33.4403
13.2800,-33.4429
13.2900,-33.4451
13.3000,-33.4470
13.3100,-33.4485
13.3200,-33.4496
13.3300,-33.4503
13.3400,-33.4507
13.3500,-33.4507
13.3600,-33.4504
13.3700,-33.4497
13.3800,-33.4486
13.3900,-33.4472
13.4000,-33.4453
13.4100,-33.4432
13.4200,-33.4406
13.4300,-33.4377
13.4400,-33.4344
13.4500,-33.4308
13.4600,-33.4267
13.4700,-33.4224
13.4800,-33.4176
13.4900,-33.4125
13.5000,-33.4070
13.5100,-33.4012
13.5200,-33.3949
13.5300,-33.3883
13.5400,-33.3814
13.5500,-33.3741
13.5600,-33.3664
13.5700,-33.3583
13.5800,-33.3499
13.5900,-33.3411
13.6000,-33.3319
13.6100,-33.3223
13.6200,-33.3124
13.6300,-33.3021
13.6400,-33.2915
13.6500,-33.2805
13.6600,-33.2691
13.6700,-33.2573
13.6800,-33.2452
13.6900,-33.2326
13.7000,-33.2198
13.7100,-33.2065
13.7200,-33.1929
13.7300,-33.1788
13.7400,-33.1645
13.7500,-33.1497
13.7600,-33.1346
13.7700,-33.1191
13.7800,-33.1032
13.7900,-33.0869
13.8000,-33.0703
13.8100,-33.0533
13.8200,-33.0359
13.8300,-33.0181
13.8400,-32.9999
13.8500,-32.9814
13.8600,-32.9625
13.8700,-32.9432
13.8800,-32.9235
13.8900,-32.9034
13.9000,-32.8830
13.9100,-32.8622
13.9200,-32.8410
13.9300,-32.8194
13.9400,-32.7974
13.9500,-32.7750
13.9600,-32.7522
13.9700,-32.7291
13.9800,-32.7056
13.9900,-32.6817
14.0000,-32.6573
14.0100,-32.6326
14.0200,-32.6075
14.0300,-32.5821
14.0400,-32.5562
14.0500,-32.5299
14.0600,-32.5032
14.0700,-32.4762
14.0800,-32.4487
14.0900,-32.4208
14.1000,-32.3926
14.1100,-32.3639
14.1200,-32.3349
14.1300,-32.3054
14.1400,-32.2756
14.1500,-32.2453
14.1600,-32.2146
14.1700,-32.1836
14.1800,-32.1521
14.1900,-32.1202
14.2000,-32.0879
14.2100,-32.0552
14.2200,-32.0221
14.2300,-31.9885
14.2400,-31.9546
14.2500,-31.9202
14.2600,-31.8855
14.2700,-31.8503
14.2800,-31.8147
14.2900,-31.7786
14.3000,-31.7422
14.3100,-31.7053
14.3200,-31.6680
14.3300,-31.6303
14.3400,-31.5922
14.3500,-31.5536
14.3600,-31.5146
14.3700,-31.4752
14.3800,-31.4353
14.3900,-31.3950
14.4000,-31.3543
14.4100,-31.3131
14.4200,-31.2715
14.4300,-31.2295
14.4400,-31.1870
14.4500,-31.1440
14.4600,-31.1007
14.4700,-31.0569
14.4800,-31.0126
14.4900,-30.9679
14.5000,-30.9227
14.5100,-30.8771
14.5200,-30.8310
14.5300,-30.7845
14.5400,-30.7375
14.5500,-30.6900
14.5600,-30.6421
14.5700,-30.5937
14.5800,-30.5449
14.5900,-30.4956
14.6000,-30.4458
14.6100,-30.3955
14.6200,-30.3448
14.6300,-30.2936
14.6400,-30.2419
14.6500,-30.1897
14.6600,-30.1371
14.6700,-30.0839
14.6800,-30.0303
14.6900,-29.9762
14.7000,-29.9215
14.7100,-29.8664
14.7200,-29.8108
14.7300,-29.7547
14.7400,-29.6981
14.7500,-29.6410
14.7600,-29.5833
14.7700,-29.5252
14.7800,-29.4665
14.7900,-29.4073
14.8000,-29.3476
14.8100,-29.2874
14.8200,-29.2266
14.8300,-29.1654
14.8400,-29.1035
14.8500,-29.0412
14.8600,-28.9783
14.8700,-28.9149
14.8800,-28.8509
14.8900,-28.7864
14.9000,-28.7213
14.9100,-28.6556
14.9200,-28.5894
14.9300,-28.5227
14.9400,-28.4553
14.9500,-28.3874
14.9600,-28.3190
14.9700,-28.2499
14.9800,-28.1803
14.9900,-28.1100
15.0000,-28.1100
15.0100,-28.6025
15.0200,-29.0865
15.0300,-29.5624
15.0400,-30.0307
15.0500,-30.4916
15.0600,-30.9456
15.0700,-31.3928
15.0800,-31.8336
15.0900,-32.2683
15.1000,-32.6971
15.1100,-33.1202
15.1200,-33.5378
15.1300,-33.9501
15.1400,-34.3574
15.1500,-34.7598
15.1600,-35.1574
15.1700,-35.5505
15.1800,-35.9391
15.1900,-36.3235
15.2000,-36.7037
15.2100,-37.0798
15.2200,-37.4521
15.2300,-37.8206
15.2400,-38.1854
15.2500,-38.5466
15.2600,-38.9043
15.2700,-39.2587
15.2800,-39.6098
15.2900,-39.9576
15.3000,-40.3023
15.3100,-40.6440
15.3200,-40.9827
15.3300,-41.3185
15.3400,-41.6515
15.3500,-41.9817
15.3600,-42.3092
15.3700,-42.6340
15.3800,-42.9563
15.3900,-43.2761
15.4000,-43.5933
15.4100,-43.9082
15.4200,-44.2207
15.4300,-44.5309
15.4400,-44.8388
15.4500,-45.1445
15.4600,-45.4480
15.4700,-45.7494
15.4800,-46.0486
15.4900,-46.3458
15.5000,-46.6410
15.5100,-46.9342
15.5200,-47.2255
15.5300,-47.5148
15.5400,-47.8023
15.5500,-48.0879
15.5600,-48.3718
15.5700,-48.6538
15.5800,-48.9341
15.5900,-49.2126
15.6000,-49.4895
15.6100,-49.7647
15.6200,-50.0382
15.6300,-50.3102
15.6400,-50.5805
15.6500,-50.8493
15.6600,-51.1165
15.6700,-51.3823
15.6800,-51.6465
15.6900,-51.9092
15.7000,-52.1705
15.7100,-52.4304
15.7200,-52.6889
15.7300,-52.9459
15.7400,-53.2016
15.7500,-53.4560
15.7600,-53.7090
15.7700,-53.9606
15.7800,-54.2110
15.7900,-54.4601
15.8000,-54.7080
15.8100,-54.9545
15.8200,-55.1999
15.8300,-55.4440
15.8400,-55.6870
15.8500,-55.9287
15.8600,-56.1693
15.8700,-56.4087
15.8800,-56.6469
15.8900,-56.8840
15.9000,-57.1200
15.9100,-57.3549
15.9200,-57.5888
15.9300,-57.8215
15.9400,-58.0531
15.9500,-58.2837
15.9600,-58.5133
15.9700,-58.7418
15.9800,-58.9693
15.9900,-59.1958
16.0000,-59.4212
16.0100,-59.6457
16.0200,-59.8692
16.0300,-60.0918
16.0400,-60.3133
16.0500,-60.5340
16.0600,-60.7536
16.0700,-60.9724
16.0800,-61.1902
16.0900,-61.4071
16.1000,-61.6231
16.1100,-61.8382
16.1200,-62.0524
16.1300,-62.2658
16.1400,-62.4782
16.1500,-62.6898
16.1600,-62.9006
16.1700,-63.1105
16.1800,-63.3195
16.1900,-63.5277
16.2000,-63.7351
16.2100,-63.9417
16.2200,-64.1475
16.2300,-64.3524
16.2400,-64.5566
16.2500,-64.7599
16.2600,-64.9625
16.2700,-65.1643
16.2800,-65.3653
16.2900,-65.5656
16.3000,-65.7651
16.3100,-65.9638
16.3200,-66.1618
16.3300,-66.3591
16.3400,-66.5556
16.3500,-66.7514
16.3600,-66.9464
16.3700,-67.1407
16.3800,-67.3344
16.3900,-67.5273
16.4000,-67.7195
16.4100,-67.9110
16.4200,-68.1018
16.4300,-68.2919
16.4400,-68.4813
16.4500,-68.6701
16.4600,-68.8582
16.4700,-69.0456
16.4800,-69.2323
16.4900,-69.4184
16.5000,-69.6038
16.5100,-69.7886
16.5200,-69.9727
16.5300,-70.1562
16.5400,-70.3390
16.5500,-70.5212
16.5600,-70.7027
16.5700,-70.8837
16.5800,-71.0640
16.5900,-71.2437
16.6000,-71.4227
16.6100,-71.6012
16.6200,-71.7790
16.6300,-71.9563
16.6400,-72.1329
16.6500,-72.3089
16.6600,-72.4844
16.6700,-72.6592
16.6800,-72.8335
16.6900,-73.0072
16.7000,-73.1802
16.7100,-73.3528
16.7200,-73.5247
16.7300,-73.6960
16.7400,-73.8668
16.7500,-74.0370
16.7600,-74.2067
16.7700,-74.3758
16.7800,-74.5443
16.7900,-74.7123
16.8000,-74.8797
16.8100,-75.0466
16.8200,-75.2129
16.8300,-75.3787
16.8400,-75.5440
16.8500,-75.7087
16.8600,-75.8728
16.8700,-76.0365
16.8800,-76.1996
16.8900,-76.3621
16.9000,-76.5242
16.9100,-76.6857
16.9200,-76.8467
16.9300,-77.0071
16.9400,-77.1671
16.9500,-77.3265
16.9600,-77.4855
16.9700,-77.6439
16.9800,-77.8018
16.9900,-77.9592
17.0000,-78.1161
17.0100,-78.2725
17.0200,-78.4283
17.0300,-78.5837
17.0400,-78.7386
17.0500,-78.8930
17.0600,-79.0469
17.0700,-79.2003
17.0800,-79.3533
17.0900,-79.5057
17.1000,-79.6576
17.1100,-79.8091
17.1200,-79.9601
17.1300,-80.1106
17.1400,-80.2606
17.1500,-80.4102
17.1600,-80.5592
17.1700,-80.7078
17.1800,-80.8559
17.1900,-81.0036
17.2000,-81.1508
17.2100,-81.2975
17.2200,-81.4437
17.2300,-81.5895
17.2400,-81.7348
17.2500,-81.8797
17.2600,-82.0241
17.2700,-82.1680
17.2800,-82.3115
17.2900,-82.4546
17.3000,-82.5971
17.3100,-82.7392
17.3200,-82.8809
17.3300,-83.0221
17.3400,-83.1629
17.3500,-83.3032
17.3600,-83.4431
17.3700,-83.5825
17.3800,-83.7215
17.3900,-83.8600
17.4000,-83.9981
17.4100,-84.1358
17.4200,-84.2730
17.4300,-84.4098
17.4400,-84.5461
17.4500,-84.6820
17.4600,-84.8175
17.4700,-84.9525
17.4800,-85.0871
17.4900,-85.2212
17.5000,-85.3550
17.5100,-85.4883
17.5200,-85.6212
17.5300,-85.7536
17.5400,-85.8856
17.5500,-86.0172
17.5600,-86.1484
17.5700,-86.2791
17.5800,-86.4094
17.5900,-86.5393
17.6000,-86.6688
17.6100,-86.7978
17.6200,-86.9264
17.6300,-87.0546
17.6400,-87.1824
17.6500,-87.3098
17.6600,-87.4367
17.6700,-87.5632
17.6800,-87.6894
17.6900,-87.8151
17.7000,-87.9403
17.7100,-88.0652
17.7200,-88.1897
17.7300,-88.3137
17.7400,-88.4373
17.7500,-88.5606
17.7600,-88.6834
17.7700,-88.8058
17.7800,-88.9277
17.7900,-89.0493
17.8000,-89.1705
17.8100,-89.2913
17.8200,-89.4116
17.8300,-89.5316
17.8400,-89.6511
17.8500,-89.7702
17.8600,-89.8890
17.8700,-90.0073
17.8800,-90.1252
17.8900,-90.2427
17.9000,-90.3599
17.9100,-90.4766
17.9200,-90.5929
17.9300,-90.7088
17.9400,-90.8243
17.9500,-90.9394
17.9600,-91.0541
17.9700,-91.1684
17.9800,-91.2823
17.9900,-91.3958
18.0000,-91.3958
18.0100,-91.3625
18.0200,-91.3290
18.0300,-91.2952
18.0400,-91.2613
18.0500,-91.2271
18.0600,-91.1928
18.0700,-91.1582
18.0800,-91.1235
18.0900,-91.0885
18.1000,-91.0534
18.1100,-91.0180
18.1200,-90.9825
18.1300,-90.9467
18.1400,-90.9108
18.1500,-90.8746
18.1600,-90.8382
18.1700,-90.8017
18.1800,-90.7649
18.1900,-90.7279
18.2000,-90.6908
18.2100,-90.6534
18.2200,-90.6158
18.2300,-90.5780
18.2400,-90.5401
18.2500,-90.5019
18.2600,-90.4635
18.2700,-90.4249
18.2800,-90.3861
18.2900,-90.3471
18.3000,-90.3080
18.3100,-90.2686
18.3200,-90.2290
18.3300,-90.1892
18.3400,-90.1492
18.3500,-90.1090
18.3600,-90.0686
18.3700,-90.0280
18.3800,-89.9872
18.3900,-89.9462
18.4000,-89.9050
18.4100,-89.8635
18.4200,-89.8219
18.4300,-89.7801
18.4400,-89.7381
18.4500,-89.6959
18.4600,-89.6535
18.4700,-89.6108
18.4800,-89.5680
18.4900,-89.5250
18.5000,-89.4818
18.5100,-89.4383
18.5200,-89.3947
18.5300,-89.3508
18.5400,-89.3068
18.5500,-89.2626
18.5600,-89.2181
18.5700,-89.1735
18.5800,-89.1286
18.5900,-89.0836
18.6000,-89.0383
18.6100,-88.9929
18.6200,-88.9472
18.6300,-88.9013
18.6400,-88.8553
18.6500,-88.8090
18.6600,-88.7625
18.6700,-88.7158
18.6800,-88.6690
18.6900,-88.6219
18.7000,-88.5746
18.7100,-88.5271
18.7200,-88.4794
18.7300,-88.4315
18.7400,-88.3834
18.7500,-88.3351
18.7600,-88.2866
18.7700,-88.2379
18.7800,-88.1890
18.7900,-88.1399
18.8000,-88.0906
18.8100,-88.0411
18.8200,-87.9913
18.8300,-87.9414
18.8400,-87.8913
18.8500,-87.8409
18.8600,-87.7904
18.8700,-87.7397
18.8800,-87.6887
18.8900,-87.6376
18.9000,-87.5862
18.9100,-87.5346
18.9200,-87.4829
18.9300,-87.4309
18.9400,-87.3787
18.9500,-87.3264
18.9600,-87.2738
18.9700,-87.2210
18.9800,-87.1680
18.9900,-87.1148
19.0000,-87.0614
19.0100,-87.0078
19.0200,-86.9540
19.0300,-86.9000
19.0400,-86.8457
19.0500,-86.7913
19.0600,-86.7367
19.0700,-86.6819
19.0800,-86.6268
19.0900,-86.5716
19.1000,-86.5161
19.1100,-86.4605
19.1200,-86.4046
19.1300,-86.3485
19.1400,-86.2922
19.1500,-86.2358
19.1600,-86.1791
19.1700,-86.1222
19.1800,-86.0651
19.1900,-86.0078
19.2000,-85.9502
19.2100,-85.8925
19.2200,-85.8346
19.2300,-85.7765
19.2400,-85.7181
19.2500,-85.6596
19.2600,-85.6008
19.2700,-85.5419
19.2800,-85.4827
19.2900,-85.4233
19.3000,-85.3637
19.3100,-85.3039
19.3200,-85.2439
19.3300,-85.1837
19.3400,-85.1233
19.3500,-85.0627
19.3600,-85.0018
19.3700,-84.9408
19.3800,-84.8795
19.3900,-84.8181
19.4000,-84.7564
19.4100,-84.6945
19.4200,-84.6325
19.4300,-84.5702
19.4400,-84.5077
19.4500,-84.4449
19.4600,-84.3820
19.4700,-84.3189
19.4800,-84.2555
19.4900,-84.1920
19.5000,-84.1282
19.5100,-84.0642
19.5200,-84.0000
19.5300,-83.9357
19.5400,-83.8710
19.5500,-83.8062
19.5600,-83.7412
19.5700,-83.6760
19.5800,-83.6105
19.5900,-83.5448
19.6000,-83.4790
19.6100,-83.4129
19.6200,-83.3466
19.6300,-83.2801
19.6400,-83.2133
19.6500,-83.1464
19.6600,-83.0792
19.6700,-83.0119
19.6800,-82.9443
19.6900,-82.8765
19.7000,-82.8085
19.7100,-82.7403
19.7200,-82.6718
19.7300,-82.6032
19.7400,-82.5343
19.7500,-82.4653
19.7600,-82.3960
19.7700,-82.3265
19.7800,-82.2567
19.7900,-82.1868
19.8000,-82.1166
19.8100,-82.0463
19.8200,-81.9757
19.8300,-81.9049
19.8400,-81.8339
19.8500,-81.7626
19.8600,-81.6912
19.8700,-81.6195
19.8800,-81.5476
19.8900,-81.4755
19.9000,-81.4032
19.9100,-81.3307
19.9200,-81.2579
19.9300,-81.1849
19.9400,-81.1117
19.9500,-81.0383
19.9600,-80.9647
19.9700,-80.8908
19.9800,-80.8168
19.9900,-80.7425
20.0000,-80.6679
20.0100,-80.5932
20.0200,-80.5182
20.0300,-80.4431
20.0400,-80.3677
20.0500,-80.2920
20.0600,-80.2162
20.0700,-80.1401
20.0800,-80.0638
20.0900,-79.9873
20.1000,-79.9106
20.1100,-79.8336
20.1200,-79.7565
20.1300,-79.6791
20.1400,-79.6014
20.1500,-79.5236
20.1600,-79.4455
20.1700,-79.3672
20.1800,-79.2886
20.1900,-79.2099
20.2000,-79.1309
20.2100,-79.0517
20.2200,-78.9723
20.2300,-78.8926
20.2400,-78.8127
20.2500,-78.7326
20.2600,-78.6522
20.2700,-78.5716
20.2800,-78.4908
20.2900,-78.4098
20.3000,-78.3285
20.3100,-78.2470
20.3200,-78.1653
20.3300,-78.0833
20.3400,-78.0012
20.3500,-77.9187
20.3600,-77.8361
20.3700,-77.7532
20.3800,-77.6701
20.3900,-77.5867
20.4000,-77.5031
20.4100,-77.4193
20.4200,-77.3353
20.4300,-77.2510
20.4400,-77.1664
20.4500,-77.0817
20.4600,-76.9967
20.4700,-76.9115
20.4800,-76.8260
20.4900,-76.7403
20.5000,-76.6543
20.5100,-76.5681
20.5200,-76.4817
20.5300,-76.3951
20.5400,-76.3082
20.5500,-76.2210
20.5600,-76.1336
20.5700,-76.0460
20.5800,-75.9581
20.5900,-75.8700
20.6000,-75.7817
20.6100,-75.6931
20.6200,-75.6043
20.6300,-75.5152
20.6400,-75.4259
20.6500,-75.3363
20.6600,-75.2465
20.6700,-75.1564
20.6800,-75.0661
20.6900,-74.9755
20.7000,-74.8847
20.7100,-74.7937
20.7200,-74.7024
20.7300,-74.6108
20.7400,-74.5190
20.7500,-74.4270
20.7600,-74.3347
20.7700,-74.2421
20.7800,-74.1493
20.7900,-74.0563
20.8000,-73.9630
20.8100,-73.8694
20.8200,-73.7756
20.8300,-73.6815
20.8400,-73.5872
20.8500,-73.4926
20.8600,-73.3977
20.8700,-73.3026
20.8800,-73.2073
20.8900,-73.1116
20.9000,-73.0158
20.9100,-72.9196
20.9200,-72.8232
20.9300,-72.7266
20.9400,-72.6296
20.9500,-72.5324
20.9600,-72.4350
20.9700,-72.3373
20.9800,-72.2393
20.9900,-72.1410
21.0000,-72.1410
21.0100,-72.1972
21.0200,-72.2527
21.0300,-72.3077
21.0400,-72.3620
21.0500,-72.4157
21.0600,-72.4689
21.0700,-72.5215
21.0800,-72.5734
21.0900,-72.6248
21.1000,-72.6756
21.1100,-72.7258
21.1200,-72.7754
21.1300,-72.8244
21.1400,-72.8728
21.1500,-72.9207
21.1600,-72.9679
21.1700,-73.0146
21.1800,-73.0606
21.1900,-73.1061
21.2000,-73.1510
21.2100,-73.1953
21.2200,-73.2391
21.2300,-73.2822
21.2400,-73.3248
21.2500,-73.3667
21.2600,-73.4081
21.2700,-73.4489
21.2800,-73.4891
21.2900,-73.5288
21.3000,-73.5678
21.3100,-73.6063
21.3200,-73.6442
21.3300,-73.6815
21.3400,-73.7182
21.3500,-73.7543
21.3600,-73.7899
21.3700,-73.8249
21.3800,-73.8593
21.3900,-73.8931
21.4000,-73.9263
21.4100,-73.9590
21.4200,-73.9911
21.4300,-74.0226
21.4400,-74.0535
21.4500,-74.0839
21.4600,-74.1137
21.4700,-74.1429
21.4800,-74.1715
21.4900,-74.1995
21.5000,-74.2270
21.5100,-74.2539
21.5200,-74.2802
21.5300,-74.3059
21.5400,-74.3311
21.5500,-74.3557
21.5600,-74.3797
21.5700,-74.4031
21.5800,-74.4260
21.5900,-74.4483
21.6000,-74.4700
21.6100,-74.4911
21.6200,-74.5117
21.6300,-74.5317
21.6400,-74.5511
21.6500,-74.5699
21.6600,-74.5882
21.6700,-74.6059
21.6800,-74.6230
21.6900,-74.6395
21.7000,-74.6555
21.7100,-74.6709
21.7200,-74.6858
21.7300,-74.7000
21.7400,-74.7137
21.7500,-74.7268
21.7600,-74.7394
21.7700,-74.7513
21.7800,-74.7627
21.7900,-74.7735
21.8000,-74.7838
21.8100,-74.7935
21.8200,-74.8026
21.8300,-74.8111
21.8400,-74.8191
21.8500,-74.8265
21.8600,-74.8333
21.8700,-74.8396
21.8800,-74.8453
21.8900,-74.8504
21.9000,-74.8549
21.9100,-74.8589
21.9200,-74.8623
21.9300,-74.8651
21.9400,-74.8674
21.9500,-74.8690
21.9600,-74.8702
21.9700,-74.8707
21.9800,-74.8707
21.9900,-74.8701
22.0000,-74.8689
22.0100,-74.8672
22.0200,-74.8649
22.0300,-74.8620
22.0400,-74.8585
22.0500,-74.8545
22.0600,-74.8499
22.0700,-74.8447
22.0800,-74.8390
22.0900,-74.8327
22.1000,-74.8258
22.1100,-74.8184
22.1200,-74.8103
22.1300,-74.8017
22.1400,-74.7926
22.1500,-74.7828
22.1600,-74.7725
22.1700,-74.7616
22.1800,-74.7502
22.1900,-74.7382
22.2000,-74.7256
22.2100,-74.7124
22.2200,-74.6987
22.2300,-74.6843
22.2400,-74.6695
22.2500,-74.6540
22.2600,-74.6380
22.2700,-74.6214
22.2800,-74.6042
22.2900,-74.5864
22.3000,-74.5681
22.3100,-74.5492
22.3200,-74.5297
22.3300,-74.5097
22.3400,-74.4891
22.3500,-74.4679
22.3600,-74.4461
22.3700,-74.4238
22.3800,-74.4009
22.3900,-74.3774
22.4000,-74.3533
22.4100,-74.3287
22.4200,-74.3034
22.4300,-74.2777
22.4400,-74.2513
22.4500,-74.2243
22.4600,-74.1968
22.4700,-74.1687
22.4800,-74.1401
22.4900,-74.1108
22.5000,-74.0810
22.5100,-74.0506
22.5200,-74.0196
22.5300,-73.9880
22.5400,-73.9559
22.5500,-73.9232
22.5600,-73.8899
22.5700,-73.8560
22.5800,-73.8215
22.5900,-73.7865
22.6000,-73.7509
22.6100,-73.7147
22.6200,-73.6779
22.6300,-73.6405
22.6400,-73.6026
22.6500,-73.5641
22.6600,-73.5249
22.6700,-73.4853
22.6800,-73.4450
22.6900,-73.4041
22.7000,-73.3627
22.7100,-73.3207
22.7200,-73.2781
22.7300,-73.2349
22.7400,-73.1911
22.7500,-73.1467
22.7600,-73.1018
22.7700,-73.0562
22.7800,-73.0101
22.7900,-72.9634
22.8000,-72.9161
22.8100,-72.8682
22.8200,-72.8197
22.8300,-72.7706
22.8400,-72.7210
22.8500,-72.6707
22.8600,-72.6199
22.8700,-72.5684
22.8800,-72.5164
22.8900,-72.4638
22.9000,-72.4106
22.9100,-72.3568
22.9200,-72.3024
22.9300,-72.2474
22.9400,-72.1918
22.9500,-72.1356
22.9600,-72.0788
22.9700,-72.0214
22.9800,-71.9634
22.9900,-71.9048
23.0000,-71.8457
23.0100,-71.7859
23.0200,-71.7255
23.0300,-71.6645
23.0400,-71.6029
23.0500,-71.5407
23.0600,-71.4779
23.0700,-71.4145
23.0800,-71.3505
23.0900,-71.2859
23.1000,-71.2207
23.1100,-71.1549
23.1200,-71.0885
23.1300,-71.0214
23.1400,-70.9538
23.1500,-70.8855
23.1600,-70.8166
23.1700,-70.7471
23.1800,-70.6770
23.1900,-70.6063
23.2000,-70.5350
23.2100,-70.4630
23.2200,-70.3905
23.2300,-70.3173
23.2400,-70.2435
23.2500,-70.1691
23.2600,-70.0940
23.2700,-70.0184
23.2800,-69.9421
23.2900,-69.8652
23.3000,-69.7876
23.3100,-69.7095
23.3200,-69.6307
23.3300,-69.5513
23.3400,-69.4712
23.3500,-69.3905
23.3600,-69.3092
23.3700,-69.2273
23.3800,-69.1447
23.3900,-69.0615
23.4000,-68.9776
23.4100,-68.8931
23.4200,-68.8080
23.4300,-68.7222
23.4400,-68.6358
23.4500,-68.5488
23.4600,-68.4611
23.4700,-68.3727
23.4800,-68.2838
23.4900,-68.1941
23.5000,-68.1038
23.5100,-68.0129
23.5200,-67.9213
23.5300,-67.8290
23.5400,-67.7361
23.5500,-67.6426
23.5600,-67.5483
23.5700,-67.4535
23.5800,-67.3579
23.5900,-67.2617
23.6000,-67.1648
23.6100,-67.0673
23.6200,-66.9691
23.6300,-66.8702
23.6400,-66.7706
23.6500,-66.6704
23.6600,-66.5695
23.6700,-66.4679
23.6800,-66.3656
23.6900,-66.2627
23.7000,-66.1591
23.7100,-66.0548
23.7200,-65.9497
23.7300,-65.8441
23.7400,-65.7377
23.7500,-65.6306
23.7600,-65.5228
23.7700,-65.4143
23.7800,-65.3052
23.7900,-65.1953
23.8000,-65.0847
23.8100,-64.9734
23.8200,-64.8614
23.8300,-64.7487
23.8400,-64.6352
23.8500,-64.5211
23.8600,-64.4062
23.8700,-64.2906
23.8800,-64.1743
23.8900,-64.0573
23.9000,-63.9395
23.9100,-63.8210
23.9200,-63.7018
23.9300,-63.5818
23.9400,-63.4611
23.9500,-63.3396
23.9600,-63.2174
23.9700,-63.0945
23.9800,-62.9707
23.9900,-62.8463
