0.0000,-161.8739
0.0100,-161.9463
0.0200,-162.0189
0.0300,-162.0915
0.0400,-162.1643
0.0500,-162.2372
0.0600,-162.3103
0.0700,-162.3835
0.0800,-162.4568
0.0900,-162.5303
0.1000,-162.6038
0.1100,-162.6776
0.1200,-162.7514
0.1300,-162.8254
0.1400,-162.8995
0.1500,-162.9738
0.1600,-163.0482
0.1700,-163.1227
0.1800,-163.1973
0.1900,-163.2721
0.2000,-163.3470
0.2100,-163.4221
0.2200,-163.4973
0.2300,-163.5726
0.2400,-163.6480
0.2500,-163.7236
0.2600,-163.7993
0.2700,-163.8752
0.2800,-163.9512
0.2900,-164.0273
0.3000,-164.1036
0.3100,-164.1800
0.3200,-164.2565
0.3300,-164.3332
0.3400,-164.4100
0.3500,-164.4869
0.3600,-164.5640
0.3700,-164.6412
0.3800,-164.7185
0.3900,-164.7960
0.4000,-164.8736
0.4100,-164.9513
0.4200,-165.0292
0.4300,-165.1072
0.4400,-165.1854
0.4500,-165.2637
0.4600,-165.3421
0.4700,-165.4206
0.4800,-165.4993
0.4900,-165.5782
0.5000,-165.6571
0.5100,-165.7362
0.5200,-165.8155
0.5300,-165.8948
0.5400,-165.9744
0.5500,-166.0540
0.5600,-166.1338
0.5700,-166.2137
0.5800,-166.2938
0.5900,-166.3739
0.6000,-166.4543
0.6100,-166.5347
0.6200,-166.6153
0.6300,-166.6961
0.6400,-166.7769
0.6500,-166.8580
0.6600,-166.9391
0.6700,-167.0204
0.6800,-167.1018
0.6900,-167.1834
0.7000,-167.2650
0.7100,-167.3469
0.7200,-167.4288
0.7300,-167.5109
0.7400,-167.5932
0.7500,-167.6756
0.7600,-167.7581
0.7700,-167.8407
0.7800,-167.9235
0.7900,-168.0064
0.8000,-168.0895
0.8100,-168.1727
0.8200,-168.2560
0.8300,-168.3395
0.8400,-168.4231
0.8500,-168.5068
0.8600,-168.5907
0.8700,-168.6747
0.8800,-168.7588
0.8900,-168.8431
0.9000,-168.9276
0.9100,-169.0121
0.9200,-169.0968
0.9300,-169.1816
0.9400,-169.2666
0.9500,-169.3517
0.9600,-169.4370
0.9700,-169.5223
0.9800,-169.6078
0.9900,-169.6935
1.0000,-169.7793
1.0100,-169.8652
1.0200,-169.9512
1.0300,-170.0374
1.0400,-170.1238
1.0500,-170.2102
1.0600,-170.2968
1.0700,-170.3835
1.0800,-170.4704
1.0900,-170.5574
1.1000,-170.6446
1.1100,-170.7318
1.1200,-170.8192
1.1300,-170.9068
1.1400,-170.9945
1.1500,-171.0823
1.1600,-171.1702
1.1700,-171.2583
1.1800,-171.3465
1.1900,-171.4349
1.2000,-171.5233
1.2100,-171.6120
1.2200,-171.7007
1.2300,-171.7896
1.2400,-171.8786
1.2500,-171.9678
1.2600,-172.0571
1.2700,-172.1465
1.2800,-172.2360
1.2900,-172.3257
1.3000,-172.4155
1.3100,-172.5055
1.3200,-172.5956
1.3300,-172.6858
1.3400,-172.7761
1.3500,-172.8666
1.3600,-172.9572
1.3700,-173.0480
1.3800,-173.1388
1.3900,-173.2298
1.4000,-173.3210
1.4100,-173.4122
1.4200,-173.5036
1.4300,-173.5952
1.4400,-173.6868
1.4500,-173.7786
1.4600,-173.8705
1.4700,-173.9626
1.4800,-174.0548
1.4900,-174.1471
1.5000,-174.2395
1.5100,-174.3321
1.5200,-174.4248
1.5300,-174.5176
1.5400,-174.6105
1.5500,-174.7036
1.5600,-174.7968
1.5700,-174.8902
1.5800,-174.9836
1.5900,-175.0772
1.6000,-175.1710
1.6100,-175.2648
1.6200,-175.3588
1.6300,-175.4529
1.6400,-175.5471
1.6500,-175.6414
1.6600,-175.7359
1.6700,-175.8305
1.6800,-175.9252
1.6900,-176.0201
1.7000,-176.1151
1.7100,-176.2102
1.7200,-176.3054
1.7300,-176.4007
1.7400,-176.4962
1.7500,-176.5918
1.7600,-176.6875
1.7700,-176.7833
1.7800,-176.8793
1.7900,-176.9754
1.8000,-177.0716
1.8100,-177.1679
1.8200,-177.2644
1.8300,-177.3609
1.8400,-177.4576
1.8500,-177.5544
1.8600,-177.6513
1.8700,-177.7484
1.8800,-177.8455
1.8900,-177.9428
1.9000,-178.0402
1.9100,-178.1377
1.9200,-178.2354
1.9300,-178.3331
1.9400,-178.4310
1.9500,-178.5290
1.9600,-178.6271
1.9700,-178.7253
1.9800,-178.8236
1.9900,-178.9221
2.0000,-179.0206
2.0100,-179.1193
2.0200,-179.2181
2.0300,-179.3170
2.0400,-179.4160
2.0500,-179.5152
2.0600,-179.6144
2.0700,-179.7137
2.0800,-179.8132
2.0900,-179.9128
2.1000,179.9875
2.1100,179.8877
2.1200,179.7878
2.1300,179.6878
2.1400,179.5877
2.1500,179.4875
2.1600,179.3871
2.1700,179.2867
2.1800,179.1861
2.1900,179.0855
2.2000,178.9847
2.2100,178.8838
2.2200,178.7828
2.2300,178.6818
2.2400,178.5806
2.2500,178.4793
2.2600,178.3779
2.2700,178.2764
2.2800,178.1748
2.2900,178.0731
2.3000,177.9713
2.3100,177.8694
2.3200,177.7674
2.3300,177.6653
2.3400,177.5631
2.3500,177.4608
2.3600,177.3584
2.3700,177.2559
2.3800,177.1533
2.3900,177.0506
2.4000,176.9478
2.4100,176.8449
2.4200,176.7419
2.4300,176.6389
2.4400,176.5357
2.4500,176.4324
2.4600,176.3291
2.4700,176.2256
2.4800,176.1221
2.4900,176.0185
2.5000,175.9147
2.5100,175.8109
2.5200,175.7070
2.5300,175.6030
2.5400,175.4989
2.5500,175.3948
2.5600,175.2905
2.5700,175.1862
2.5800,175.0817
2.5900,174.9772
2.6000,174.8726
2.6100,174.7679
2.6200,174.6632
2.6300,174.5583
2.6400,174.4534
2.6500,174.3484
2.6600,174.2433
2.6700,174.1381
2.6800,174.0328
2.6900,173.9275
2.7000,173.8221
2.7100,173.7166
2.7200,173.6110
2.7300,173.5053
2.7400,173.3996
2.7500,173.2938
2.7600,173.1879
2.7700,173.0820
2.7800,172.9759
2.7900,172.8698
2.8000,172.7637
2.8100,172.6574
2.8200,172.5511
2.8300,172.4447
2.8400,172.3382
2.8500,172.2317
2.8600,172.1251
2.8700,172.0184
2.8800,171.9117
2.8900,171.8049
2.9000,171.6980
2.9100,171.5911
2.9200,171.4841
2.9300,171.3771
2.9400,171.2699
2.9500,171.1627
2.9600,171.0555
2.9700,170.9482
2.9800,170.8408
2.9900,170.7334
3.0000,170.7334
3.0100,170.7246
3.0200,170.7157
3.0300,170.7069
3.0400,170.6980
3.0500,170.6892
3.0600,170.6804
3.0700,170.6715
3.0800,170.6627
3.0900,170.6538
3.1000,170.6450
3.1100,170.6362
3.1200,170.6273
3.1300,170.6185
3.1400,170.6097
3.1500,170.6008
3.1600,170.5920
3.1700,170.5832
3.1800,170.5743
3.1900,170.5655
3.2000,170.5567
3.2100,170.5478
3.2200,170.5390
3.2300,170.5302
3.2400,170.5213
3.2500,170.5125
3.2600,170.5037
3.2700,170.4948
3.2800,170.4860
3.2900,170.4772
3.3000,170.4683
3.3100,170.4595
3.3200,170.4507
3.3300,170.4419
3.3400,170.4330
3.3500,170.4242
3.3600,170.4154
3.3700,170.4066
3.3800,170.3977
3.3900,170.3889
3.4000,170.3801
3.4100,170.3713
3.4200,170.3624
3.4300,170.3536
3.4400,170.3448
3.4500,170.3360
3.4600,170.3272
3.4700,170.3183
3.4800,170.3095
3.4900,170.3007
3.5000,170.2919
3.5100,170.2831
3.5200,170.2742
3.5300,170.2654
3.5400,170.2566
3.5500,170.2478
3.5600,170.2390
3.5700,170.2302
3.5800,170.2213
3.5900,170.2125
3.6000,170.2037
3.6100,170.1949
3.6200,170.1861
3.6300,170.1773
3.6400,170.1685
3.6500,170.1596
3.6600,170.1508
3.6700,170.1420
3.6800,170.1332
3.6900,170.1244
3.7000,170.1156
3.7100,170.1068
3.7200,170.0980
3.7300,170.0892
3.7400,170.0804
3.7500,170.0716
3.7600,170.0627
3.7700,170.0539
3.7800,170.0451
3.7900,170.0363
3.8000,170.0275
3.8100,170.0187
3.8200,170.0099
3.8300,170.0011
3.8400,169.9923
3.8500,169.9835
3.8600,169.9747
3.8700,169.9659
3.8800,169.9571
3.8900,169.9483
3.9000,169.9395
3.9100,169.9307
3.9200,169.9219
3.9300,169.9131
3.9400,169.9043
3.9500,169.8955
3.9600,169.8867
3.9700,169.8779
3.9800,169.8691
3.9900,169.8603
4.0000,169.8515
4.0100,169.8427
4.0200,169.8339
4.0300,169.8251
4.0400,169.8163
4.0500,169.8076
4.0600,169.7988
4.0700,169.7900
4.0800,169.7812
4.0900,169.7724
4.1000,169.7636
4.1100,169.7548
4.1200,169.7460
4.1300,169.7372
4.1400,169.7284
4.1500,169.7197
4.1600,169.7109
4.1700,169.7021
4.1800,169.6933
4.1900,169.6845
4.2000,169.6757
4.2100,169.6669
4.2200,169.6581
4.2300,169.6494
4.2400,169.6406
4.2500,169.6318
4.2600,169.6230
4.2700,169.6142
4.2800,169.6055
4.2900,169.5967
4.3000,169.5879
4.3100,169.5791
4.3200,169.5703
4.3300,169.5615
4.3400,169.5528
4.3500,169.5440
4.3600,169.5352
4.3700,169.5264
4.3800,169.5177
4.3900,169.5089
4.4000,169.5001
4.4100,169.4913
4.4200,169.4826
4.4300,169.4738
4.4400,169.4650
4.4500,169.4562
4.4600,169.4475
4.4700,169.4387
4.4800,169.4299
4.4900,169.4211
4.5000,169.4124
4.5100,169.4036
4.5200,169.3948
4.5300,169.3861
4.5400,169.3773
4.5500,169.3685
4.5600,169.3598
4.5700,169.3510
4.5800,169.3422
4.5900,169.3335
4.6000,169.3247
4.6100,169.3159
4.6200,169.3072
4.6300,169.2984
4.6400,169.2896
4.6500,169.2809
4.6600,169.2721
4.6700,169.2634
4.6800,169.2546
4.6900,169.2458
4.7000,169.2371
4.7100,169.2283
4.7200,169.2195
4.7300,169.2108
4.7400,169.2020
4.7500,169.1933
4.7600,169.1845
4.7700,169.1758
4.7800,169.1670
4.7900,169.1582
4.8000,169.1495
4.8100,169.1407
4.8200,169.1320
4.8300,169.1232
4.8400,169.1145
4.8500,169.1057
4.8600,169.0970
4.8700,169.0882
4.8800,169.0795
4.8900,169.0707
4.9000,169.0620
4.9100,169.0532
4.9200,169.0445
4.9300,169.0357
4.9400,169.0270
4.9500,169.0182
4.9600,169.0095
4.9700,169.0007
4.9800,168.9920
4.9900,168.9832
5.0000,168.9745
5.0100,168.9657
5.0200,168.9570
5.0300,168.9483
5.0400,168.9395
5.0500,168.9308
5.0600,168.9220
5.0700,168.9133
5.0800,168.9045
5.0900,168.8958
5.1000,168.8871
5.1100,168.8783
5.1200,168.8696
5.1300,168.8608
5.1400,168.8521
5.1500,168.8434
5.1600,168.8346
5.1700,168.8259
5.1800,168.8172
5.1900,168.8084
5.2000,168.7997
5.2100,168.7910
5.2200,168.7822
5.2300,168.7735
5.2400,168.7648
5.2500,168.7560
5.2600,168.7473
5.2700,168.7386
5.2800,168.7298
5.2900,168.7211
5.3000,168.7124
5.3100,168.7036
5.3200,168.6949
5.3300,168.6862
5.3400,168.6775
5.3500,168.6687
5.3600,168.6600
5.3700,168.6513
5.3800,168.6426
5.3900,168.6338
5.4000,168.6251
5.4100,168.6164
5.4200,168.6077
5.4300,168.5989
5.4400,168.5902
5.4500,168.5815
5.4600,168.5728
5.4700,168.5641
5.4800,168.5553
5.4900,168.5466
5.5000,168.5379
5.5100,168.5292
5.5200,168.5205
5.5300,168.5117
5.5400,168.5030
5.5500,168.4943
5.5600,168.4856
5.5700,168.4769
5.5800,168.4682
5.5900,168.4595
5.6000,168.4507
5.6100,168.4420
5.6200,168.4333
5.6300,168.4246
5.6400,168.4159
5.6500,168.4072
5.6600,168.3985
5.6700,168.3898
5.6800,168.3811
5.6900,168.3723
5.7000,168.3636
5.7100,168.3549
5.7200,168.3462
5.7300,168.3375
5.7400,168.3288
5.7500,168.3201
5.7600,168.3114
5.7700,168.3027
5.7800,168.2940
5.7900,168.2853
5.8000,168.2766
5.8100,168.2679
5.8200,168.2592
5.8300,168.2505
5.8400,168.2418
5.8500,168.2331
5.8600,168.2244
5.8700,168.2157
5.8800,168.2070
5.8900,168.1983
5.9000,168.1896
5.9100,168.1809
5.9200,168.1722
5.9300,168.1635
5.9400,168.1548
5.9500,168.1461
5.9600,168.1374
5.9700,168.1287
5.9800,168.1200
5.9900,168.1113
6.0000,168.1113
6.0100,168.1113
6.0200,168.1113
6.0300,168.1113
6.0400,168.1113
6.0500,168.1113
6.0600,168.1113
6.0700,168.1113
6.0800,168.1113
6.0900,168.1113
6.1000,168.1113
6.1100,168.1113
6.1200,168.1113
6.1300,168.1113
6.1400,168.1113
6.1500,168.1113
6.1600,168.1113
6.1700,168.1113
6.1800,168.1113
6.1900,168.1113
6.2000,168.1113
6.2100,168.1113
6.2200,168.1113
6.2300,168.1113
6.2400,168.1113
6.2500,168.1113
6.2600,168.1113
6.2700,168.1113
6.2800,168.1113
6.2900,168.1113
6.3000,168.1113
6.3100,168.1113
6.3200,168.1113
6.3300,168.1113
6.3400,168.1113
6.3500,168.1113
6.3600,168.1113
6.3700,168.1113
6.3800,168.1113
6.3900,168.1113
6.4000,168.1113
6.4100,168.1113
6.4200,168.1113
6.4300,168.1113
6.4400,168.1113
6.4500,168.1113
6.4600,168.1113
6.4700,168.1113
6.4800,168.1113
6.4900,168.1113
6.5000,168.1113
6.5100,168.1113
6.5200,168.1113
6.5300,168.1113
6.5400,168.1113
6.5500,168.1113
6.5600,168.1113
6.5700,168.1113
6.5800,168.1113
6.5900,168.1113
6.6000,168.1113
6.6100,168.1113
6.6200,168.1113
6.6300,168.1113
6.6400,168.1113
6.6500,168.1113
6.6600,168.1113
6.6700,168.1113
6.6800,168.1113
6.6900,168.1113
6.7000,168.1113
6.7100,168.1113
6.7200,168.1113
6.7300,168.1113
6.7400,168.1113
6.7500,168.1113
6.7600,168.1113
6.7700,168.1113
6.7800,168.1113
6.7900,168.1113
6.8000,168.1113
6.8100,168.1113
6.8200,168.1113
6.8300,168.1113
6.8400,168.1113
6.8500,168.1113
6.8600,168.1113
6.8700,168.1113
6.8800,168.1113
6.8900,168.1113
6.9000,168.1113
6.9100,168.1113
6.9200,168.1113
6.9300,168.1113
6.9400,168.1113
6.9500,168.1113
6.9600,168.1113
6.9700,168.1113
6.9800,168.1113
6.9900,168.1113
7.0000,168.1113
7.0100,168.1113
7.0200,168.1113
7.0300,168.1113
7.0400,168.1113
7.0500,168.1113
7.0600,168.1113
7.0700,168.1113
7.0800,168.1113
7.0900,168.1113
7.1000,168.1113
7.1100,168.1113
7.1200,168.1113
7.1300,168.1113
7.1400,168.1113
7.1500,168.1113
7.1600,168.1113
7.1700,168.1113
7.1800,168.1113
7.1900,168.1113
7.2000,168.1113
7.2100,168.1113
7.2200,168.1113
7.2300,168.1113
7.2400,168.1113
7.2500,168.1113
7.2600,168.1113
7.2700,168.1113
7.2800,168.1113
7.2900,168.1113
7.3000,168.1113
7.3100,168.1113
7.3200,168.1113
7.3300,168.1113
7.3400,168.1113
7.3500,168.1113
7.3600,168.1113
7.3700,168.1113
7.3800,168.1113
7.3900,168.1113
7.4000,168.1113
7.4100,168.1113
7.4200,168.1113
7.4300,168.1113
7.4400,168.1113
7.4500,168.1113
7.4600,168.1113
7.4700,168.1113
7.4800,168.1113
7.4900,168.1113
7.5000,168.1113
7.5100,168.1113
7.5200,168.1113
7.5300,168.1113
7.5400,168.1113
7.5500,168.1113
7.5600,168.1113
7.5700,168.1113
7.5800,168.1113
7.5900,168.1113
7.6000,168.1113
7.6100,168.1113
7.6200,168.1113
7.6300,168.1113
7.6400,168.1113
7.6500,168.1113
7.6600,168.1113
7.6700,168.1113
7.6800,168.1113
7.6900,168.1113
7.7000,168.1113
7.7100,168.1113
7.7200,168.1113
7.7300,168.1113
7.7400,168.1113
7.7500,168.1113
7.7600,168.1113
7.7700,168.1113
7.7800,168.1113
7.7900,168.1113
7.8000,168.1113
7.8100,168.1113
7.8200,168.1113
7.8300,168.1113
7.8400,168.1113
7.8500,168.1113
7.8600,168.1113
7.8700,168.1113
7.8800,168.1113
7.8900,168.1113
7.9000,168.1113
7.9100,168.1113
7.9200,168.1113
7.9300,168.1113
7.9400,168.1113
7.9500,168.1113
7.9600,168.1113
7.9700,168.1113
7.9800,168.1113
7.9900,168.1113
8.0000,168.1113
8.0100,168.1113
8.0200,168.1113
8.0300,168.1113
8.0400,168.1113
8.0500,168.1113
8.0600,168.1113
8.0700,168.1113
8.0800,168.1113
8.0900,168.1113
8.1000,168.1113
8.1100,168.1113
8.1200,168.1113
8.1300,168.1113
8.1400,168.1113
8.1500,168.1113
8.1600,168.1113
8.1700,168.1113
8.1800,168.1113
8.1900,168.1113
8.2000,168.1113
8.2100,168.1113
8.2200,168.1113
8.2300,168.1113
8.2400,168.1113
8.2500,168.1113
8.2600,168.1113
8.2700,168.1113
8.2800,168.1113
8.2900,168.1113
8.3000,168.1113
8.3100,168.1113
8.3200,168.1113
8.3300,168.1113
8.3400,168.1113
8.3500,168.1113
8.3600,168.1113
8.3700,168.1113
8.3800,168.1113
8.3900,168.1113
8.4000,168.1113
8.4100,168.1113
8.4200,168.1113
8.4300,168.1113
8.4400,168.1113
8.4500,168.1113
8.4600,168.1113
8.4700,168.1113
8.4800,168.1113
8.4900,168.1113
8.5000,168.1113
8.5100,168.1113
8.5200,168.1113
8.5300,168.1113
8.5400,168.1113
8.5500,168.1113
8.5600,168.1113
8.5700,168.1113
8.5800,168.1113
8.5900,168.1113
8.6000,168.1113
8.6100,168.1113
8.6200,168.1113
8.6300,168.1113
8.6400,168.1113
8.6500,168.1113
8.6600,168.1113
8.6700,168.1113
8.6800,168.1113
8.6900,168.1113
8.7000,168.1113
8.7100,168.1113
8.7200,168.1113
8.7300,168.1113
8.7400,168.1113
8.7500,168.1113
8.7600,168.1113
8.7700,168.1113
8.7800,168.1113
8.7900,168.1113
8.8000,168.1113
8.8100,168.1113
8.8200,168.1113
8.8300,168.1113
8.8400,168.1113
8.8500,168.1113
8.8600,168.1113
8.8700,168.1113
8.8800,168.1113
8.8900,168.1113
8.9000,168.1113
8.9100,168.1113
8.9200,168.1113
8.9300,168.1113
8.9400,168.1113
8.9500,168.1113
8.9600,168.1113
8.9700,168.1113
8.9800,168.1113
8.9900,168.1113
9.0000,168.1113
9.0100,168.2048
9.0200,168.2980
9.0300,168.3910
9.0400,168.4839
9.0500,168.5765
9.0600,168.6689
9.0700,168.7611
9.0800,168.8532
9.0900,168.9450
9.1000,169.0367
9.1100,169.1281
9.1200,169.2193
9.1300,169.3104
9.1400,169.4012
9.1500,169.4919
9.1600,169.5824
9.1700,169.6726
9.1800,169.7627
9.1900,169.8526
9.2000,169.9422
9.2100,170.0317
9.2200,170.1210
9.2300,170.2101
9.2400,170.2990
9.2500,170.3877
9.2600,170.4762
9.2700,170.5645
9.2800,170.6526
9.2900,170.7405
9.3000,170.8282
9.3100,170.9158
9.3200,171.0031
9.3300,171.0902
9.3400,171.1772
9.3500,171.2639
9.3600,171.3505
9.3700,171.4369
9.3800,171.5231
9.3900,171.6091
9.4000,171.6949
9.4100,171.7805
9.4200,171.8659
9.4300,171.9511
9.4400,172.0362
9.4500,172.1210
9.4600,172.2057
9.4700,172.2901
9.4800,172.3744
9.4900,172.4585
9.5000,172.5424
9.5100,172.6261
9.5200,172.7097
9.5300,172.7930
9.5400,172.8761
9.5500,172.9591
9.5600,173.0419
9.5700,173.1245
9.5800,173.2069
9.5900,173.2891
9.6000,173.3711
9.6100,173.4530
9.6200,173.5346
9.6300,173.6161
9.6400,173.6974
9.6500,173.7785
9.6600,173.8594
9.6700,173.9401
9.6800,174.0207
9.6900,174.1011
9.7000,174.1813
9.7100,174.2613
9.7200,174.3411
9.7300,174.4207
9.7400,174.5002
9.7500,174.5795
9.7600,174.6586
9.7700,174.7375
9.7800,174.8162
9.7900,174.8948
9.8000,174.9732
9.8100,175.0514
9.8200,175.1294
9.8300,175.2072
9.8400,175.2849
9.8500,175.3624
9.8600,175.4397
9.8700,175.5168
9.8800,175.5937
9.8900,175.6705
9.9000,175.7471
9.9100,175.8235
9.9200,175.8998
9.9300,175.9759
9.9400,176.0518
9.9500,176.1275
9.9600,176.2030
9.9700,176.2784
9.9800,176.3536
9.9900,176.4286
10.0000,176.5035
10.0100,176.5782
10.0200,176.6527
10.0300,176.7270
10.0400,176.8012
10.0500,176.8752
10.0600,176.9490
10.0700,177.0226
10.0800,177.0961
10.0900,177.1694
10.1000,177.2426
10.1100,177.3155
10.1200,177.3883
10.1300,177.4610
10.1400,177.5335
10.1500,177.6058
10.1600,177.6779
10.1700,177.7498
10.1800,177.8216
10.1900,177.8933
10.2000,177.9647
10.2100,178.0360
10.2200,178.1072
10.2300,178.1782
10.2400,178.2490
10.2500,178.3196
10.2600,178.3901
10.2700,178.4604
10.2800,178.5305
10.2900,178.6005
10.3000,178.6704
10.3100,178.7400
10.3200,178.8095
10.3300,178.8789
10.3400,178.9480
10.3500,179.0171
10.3600,179.0859
10.3700,179.1546
10.3800,179.2232
10.3900,179.2915
10.4000,179.3598
10.4100,179.4278
10.4200,179.4957
10.4300,179.5635
10.4400,179.6311
10.4500,179.6985
10.4600,179.7658
10.4700,179.8329
10.4800,179.8998
10.4900,179.9667
10.5000,-179.9667
10.5100,-179.9002
10.5200,-179.8339
10.5300,-179.7677
10.5400,-179.7016
10.5500,-179.6357
10.5600,-179.5700
10.5700,-179.5044
10.5800,-179.4390
10.5900,-179.3738
10.6000,-179.3086
10.6100,-179.2437
10.6200,-179.1788
10.6300,-179.1142
10.6400,-179.0497
10.6500,-178.9853
10.6600,-178.9211
10.6700,-178.8570
10.6800,-178.7931
10.6900,-178.7293
10.7000,-178.6657
10.7100,-178.6022
10.7200,-178.5389
10.7300,-178.4757
10.7400,-178.4127
10.7500,-178.3498
10.7600,-178.2871
10.7700,-178.2245
10.7800,-178.1620
10.7900,-178.0997
10.8000,-178.0375
10.8100,-177.9755
10.8200,-177.9136
10.8300,-177.8519
10.8400,-177.7903
10.8500,-177.7289
10.8600,-177.6676
10.8700,-177.6064
10.8800,-177.5454
10.8900,-177.4845
10.9000,-177.4238
10.9100,-177.3632
10.9200,-177.3027
10.9300,-177.2424
10.9400,-177.1822
10.9500,-177.1222
10.9600,-177.0623
10.9700,-177.0025
10.9800,-176.9429
10.9900,-176.8834
11.0000,-176.8241
11.0100,-176.7649
11.0200,-176.7058
11.0300,-176.6469
11.0400,-176.5881
11.0500,-176.5294
11.0600,-176.4709
11.0700,-176.4125
11.0800,-176.3542
11.0900,-176.2961
11.1000,-176.2381
11.1100,-176.1802
11.1200,-176.1225
11.1300,-176.0649
11.1400,-176.0075
11.1500,-175.9501
11.1600,-175.8930
11.1700,-175.8359
11.1800,-175.7790
11.1900,-175.7222
11.2000,-175.6655
11.2100,-175.6089
11.2200,-175.5525
11.2300,-175.4962
11.2400,-175.4401
11.2500,-175.3841
11.2600,-175.3282
11.2700,-175.2724
11.2800,-175.2168
11.2900,-175.1613
11.3000,-175.1059
11.3100,-175.0506
11.3200,-174.9955
11.3300,-174.9405
11.3400,-174.8856
11.3500,-174.8309
11.3600,-174.7762
11.3700,-174.7217
11.3800,-174.6673
11.3900,-174.6131
11.4000,-174.5590
11.4100,-174.5049
11.4200,-174.4511
11.4300,-174.3973
11.4400,-174.3437
11.4500,-174.2901
11.4600,-174.2368
11.4700,-174.1835
11.4800,-174.1303
11.4900,-174.0773
11.5000,-174.0244
11.5100,-173.9716
11.5200,-173.9189
11.5300,-173.8664
11.5400,-173.8139
11.5500,-173.7616
11.5600,-173.7094
11.5700,-173.6574
11.5800,-173.6054
11.5900,-173.5536
11.6000,-173.5019
11.6100,-173.4502
11.6200,-173.3988
11.6300,-173.3474
11.6400,-173.2961
11.6500,-173.2450
11.6600,-173.1940
11.6700,-173.1431
11.6800,-173.0923
11.6900,-173.0416
11.7000,-172.9910
11.7100,-172.9406
11.7200,-172.8902
11.7300,-172.8400
11.7400,-172.7899
11.7500,-172.7399
11.7600,-172.6900
11.7700,-172.6403
11.7800,-172.5906
11.7900,-172.5410
11.8000,-172.4916
11.8100,-172.4423
11.8200,-172.3931
11.8300,-172.3440
11.8400,-172.2950
11.8500,-172.2461
11.8600,-172.1973
11.8700,-172.1486
11.8800,-172.1001
11.8900,-172.0516
11.9000,-172.0033
11.9100,-171.9550
11.9200,-171.9069
11.9300,-171.8589
11.9400,-171.8110
11.9500,-171.7632
11.9600,-171.7155
11.9700,-171.6679
11.9800,-171.6204
11.9900,-171.5730
12.0000,-171.5730
12.0100,-171.5730
12.0200,-171.5730
12.0300,-171.5730
12.0400,-171.5730
12.0500,-171.5730
12.0600,-171.5730
12.0700,-171.5730
12.0800,-171.5730
12.0900,-171.5730
12.1000,-171.5730
12.1100,-171.5730
12.1200,-171.5730
12.1300,-171.5730
12.1400,-171.5730
12.1500,-171.5730
12.1600,-171.5730
12.1700,-171.5730
12.1800,-171.5730
12.1900,-171.5730
12.2000,-171.5730
12.2100,-171.5730
12.2200,-171.5730
12.2300,-171.5730
12.2400,-171.5730
12.2500,-171.5730
12.2600,-171.5730
12.2700,-171.5730
12.2800,-171.5730
12.2900,-171.5730
12.3000,-171.5730
12.3100,-171.5730
12.3200,-171.5730
12.3300,-171.5730
12.3400,-171.5730
12.3500,-171.5730
12.3600,-171.5730
12.3700,-171.5730
12.3800,-171.5730
12.3900,-171.5730
12.4000,-171.5730
12.4100,-171.5730
12.4200,-171.5730
12.4300,-171.5730
12.4400,-171.5730
12.4500,-171.5730
12.4600,-171.5730
12.4700,-171.5730
12.4800,-171.5730
12.4900,-171.5730
12.5000,-171.5730
12.5100,-171.5730
12.5200,-171.5730
12.5300,-171.5730
12.5400,-171.5730
12.5500,-171.5730
12.5600,-171.5730
12.5700,-171.5730
12.5800,-171.5730
12.5900,-171.5730
12.6000,-171.5730
12.6100,-171.5730
12.6200,-171.5730
12.6300,-171.5730
12.6400,-171.5730
12.6500,-171.5730
12.6600,-171.5730
12.6700,-171.5730
12.6800,-171.5730
12.6900,-171.5730
12.7000,-171.5730
12.7100,-171.5730
12.7200,-171.5730
12.7300,-171.5730
12.7400,-171.5730
12.7500,-171.5730
12.7600,-171.5730
12.7700,-171.5730
12.7800,-171.5730
12.7900,-171.5730
12.8000,-171.5730
12.8100,-171.5730
12.8200,-171.5730
12.8300,-171.5730
12.8400,-171.5730
12.8500,-171.5730
12.8600,-171.5730
12.8700,-171.5730
12.8800,-171.5730
12.8900,-171.5730
12.9000,-171.5730
12.9100,-171.5730
12.9200,-171.5730
12.9300,-171.5730
12.9400,-171.5730
12.9500,-171.5730
12.9600,-171.5730
12.9700,-171.5730
12.9800,-171.5730
12.9900,-171.5730
13.0000,-171.5730
13.0100,-171.5730
13.0200,-171.5730
13.0300,-171.5730
13.0400,-171.5730
13.0500,-171.5730
13.0600,-171.5730
13.0700,-171.5730
13.0800,-171.5730
13.0900,-171.5730
13.1000,-171.5730
13.1100,-171.5730
13.1200,-171.5730
13.1300,-171.5730
13.1400,-171.5730
13.1500,-171.5730
13.1600,-171.5730
13.1700,-171.5730
13.1800,-171.5730
13.1900,-171.5730
13.2000,-171.5730
13.2100,-171.5730
13.2200,-171.5730
13.2300,-171.5730
13.2400,-171.5730
13.2500,-171.5730
13.2600,-171.5730
13.2700,-171.5730
13.2800,-171.5730
13.2900,-171.5730
13.3000,-171.5730
13.3100,-171.5730
13.3200,-171.5730
13.3300,-171.5730
13.3400,-171.5730
13.3500,-171.5730
13.3600,-171.5730
13.3700,-171.5730
13.3800,-171.5730
13.3900,-171.5730
13.4000,-171.5730
13.4100,-171.5730
13.4200,-171.5730
13.4300,-171.5730
13.4400,-171.5730
13.4500,-171.5730
13.4600,-171.5730
13.4700,-171.5730
13.4800,-171.5730
13.4900,-171.5730
13.5000,-171.5730
13.5100,-171.5730
13.5200,-171.5730
13.5300,-171.5730
13.5400,-171.5730
13.5500,-171.5730
13.5600,-171.5730
13.5700,-171.5730
13.5800,-171.5730
13.5900,-171.5730
13.6000,-171.5730
13.6100,-171.5730
13.6200,-171.5730
13.6300,-171.5730
13.6400,-171.5730
13.6500,-171.5730
13.6600,-171.5730
13.6700,-171.5730
13.6800,-171.5730
13.6900,-171.5730
13.7000,-171.5730
13.7100,-171.5730
13.7200,-171.5730
13.7300,-171.5730
13.7400,-171.5730
13.7500,-171.5730
13.7600,-171.5730
13.7700,-171.5730
13.7800,-171.5730
13.7900,-171.5730
13.8000,-171.5730
13.8100,-171.5730
13.8200,-171.5730
13.8300,-171.5730
13.8400,-171.5730
13.8500,-171.5730
13.8600,-171.5730
13.8700,-171.5730
13.8800,-171.5730
13.8900,-171.5730
13.9000,-171.5730
13.9100,-171.5730
13.9200,-171.5730
13.9300,-171.5730
13.9400,-171.5730
13.9500,-171.5730
13.9600,-171.5730
13.9700,-171.5730
13.9800,-171.5730
13.9900,-171.5730
14.0000,-171.5730
14.0100,-171.5730
14.0200,-171.5730
14.0300,-171.5730
14.0400,-171.5730
14.0500,-171.5730
14.0600,-171.5730
14.0700,-171.5730
14.0800,-171.5730
14.0900,-171.5730
14.1000,-171.5730
14.1100,-171.5730
14.1200,-171.5730
14.1300,-171.5730
14.1400,-171.5730
14.1500,-171.5730
14.1600,-171.5730
14.1700,-171.5730
14.1800,-171.5730
14.1900,-171.5730
14.2000,-171.5730
14.2100,-171.5730
14.2200,-171.5730
14.2300,-171.5730
14.2400,-171.5730
14.2500,-171.5730
14.2600,-171.5730
14.2700,-171.5730
14.2800,-171.5730
14.2900,-171.5730
14.3000,-171.5730
14.3100,-171.5730
14.3200,-171.5730
14.3300,-171.5730
14.3400,-171.5730
14.3500,-171.5730
14.3600,-171.5730
14.3700,-171.5730
14.3800,-171.5730
14.3900,-171.5730
14.4000,-171.5730
14.4100,-171.5730
14.4200,-171.5730
14.4300,-171.5730
14.4400,-171.5730
14.4500,-171.5730
14.4600,-171.5730
14.4700,-171.5730
14.4800,-171.5730
14.4900,-171.5730
14.5000,-171.5730
14.5100,-171.5730
14.5200,-171.5730
14.5300,-171.5730
14.5400,-171.5730
14.5500,-171.5730
14.5600,-171.5730
14.5700,-171.5730
14.5800,-171.5730
14.5900,-171.5730
14.6000,-171.5730
14.6100,-171.5730
14.6200,-171.5730
14.6300,-171.5730
14.6400,-171.5730
14.6500,-171.5730
14.6600,-171.5730
14.6700,-171.5730
14.6800,-171.5730
14.6900,-171.5730
14.7000,-171.5730
14.7100,-171.5730
14.7200,-171.5730
14.7300,-171.5730
14.7400,-171.5730
14.7500,-171.5730
14.7600,-171.5730
14.7700,-171.5730
14.7800,-171.5730
14.7900,-171.5730
14.8000,-171.5730
14.8100,-171.5730
14.8200,-171.5730
14.8300,-171.5730
14.8400,-171.5730
14.8500,-171.5730
14.8600,-171.5730
14.8700,-171.5730
14.8800,-171.5730
14.8900,-171.5730
14.9000,-171.5730
14.9100,-171.5730
14.9200,-171.5730
14.9300,-171.5730
14.9400,-171.5730
14.9500,-171.5730
14.9600,-171.5730
14.9700,-171.5730
14.9800,-171.5730
14.9900,-171.5730
15.0000,-171.5730
15.0100,-171.6204
15.0200,-171.6679
15.0300,-171.7155
15.0400,-171.7632
15.0500,-171.8110
15.0600,-171.8589
15.0700,-171.9069
15.0800,-171.9550
15.0900,-172.0033
15.1000,-172.0516
15.1100,-172.1001
15.1200,-172.1486
15.1300,-172.1973
15.1400,-172.2461
15.1500,-172.2950
15.1600,-172.3440
15.1700,-172.3931
15.1800,-172.4423
15.1900,-172.4916
15.2000,-172.5410
15.2100,-172.5906
15.2200,-172.6403
15.2300,-172.6900
15.2400,-172.7399
15.2500,-172.7899
15.2600,-172.8400
15.2700,-172.8902
15.2800,-172.9406
15.2900,-172.9910
15.3000,-173.0416
15.3100,-173.0923
15.3200,-173.1431
15.3300,-173.1940
15.3400,-173.2450
15.3500,-173.2961
15.3600,-173.3474
15.3700,-173.3988
15.3800,-173.4502
15.3900,-173.5019
15.4000,-173.5536
15.4100,-173.6054
15.4200,-173.6574
15.4300,-173.7094
15.4400,-173.7616
15.4500,-173.8139
15.4600,-173.8664
15.4700,-173.9189
15.4800,-173.9716
15.4900,-174.0244
15.5000,-174.0773
15.5100,-174.1303
15.5200,-174.1835
15.5300,-174.2368
15.5400,-174.2901
15.5500,-174.3437
15.5600,-174.3973
15.5700,-174.4511
15.5800,-174.5049
15.5900,-174.5590
15.6000,-174.6131
15.6100,-174.6673
15.6200,-174.7217
15.6300,-174.7762
15.6400,-174.8309
15.6500,-174.8856
15.6600,-174.9405
15.6700,-174.9955
15.6800,-175.0506
15.6900,-175.1059
15.7000,-175.1613
15.7100,-175.2168
15.7200,-175.2724
15.7300,-175.3282
15.7400,-175.3841
15.7500,-175.4401
15.7600,-175.4962
15.7700,-175.5525
15.7800,-175.6089
15.7900,-175.6655
15.8000,-175.7222
15.8100,-175.7790
15.8200,-175.8359
15.8300,-175.8930
15.8400,-175.9501
15.8500,-176.0075
15.8600,-176.0649
15.8700,-176.1225
15.8800,-176.1802
15.8900,-176.2381
15.9000,-176.2961
15.9100,-176.3542
15.9200,-176.4125
15.9300,-176.4709
15.9400,-176.5294
15.9500,-176.5881
15.9600,-176.6469
15.9700,-176.7058
15.9800,-176.7649
15.9900,-176.8241
16.0000,-176.8834
16.0100,-176.9429
16.0200,-177.0025
16.0300,-177.0623
16.0400,-177.1222
16.0500,-177.1822
16.0600,-177.2424
16.0700,-177.3027
16.0800,-177.3632
16.0900,-177.4238
16.1000,-177.4845
16.1100,-177.5454
16.1200,-177.6064
16.1300,-177.6676
16.1400,-177.7289
16.1500,-177.7903
16.1600,-177.8519
16.1700,-177.9136
16.1800,-177.9755
16.1900,-178.0375
16.2000,-178.0997
16.2100,-178.1620
16.2200,-178.2245
16.2300,-178.2871
16.2400,-178.3498
16.2500,-178.4127
16.2600,-178.4757
16.2700,-178.5389
16.2800,-178.6022
16.2900,-178.6657
16.3000,-178.7293
16.3100,-178.7931
16.3200,-178.8570
16.3300,-178.9211
16.3400,-178.9853
16.3500,-179.0497
16.3600,-179.1142
16.3700,-179.1788
16.3800,-179.2437
16.3900,-179.3086
16.4000,-179.3738
16.4100,-179.4390
16.4200,-179.5044
16.4300,-179.5700
16.4400,-179.6357
16.4500,-179.7016
16.4600,-179.7677
16.4700,-179.8339
16.4800,-179.9002
16.4900,-179.9667
16.5000,179.9667
16.5100,179.8998
16.5200,179.8329
16.5300,179.7658
16.5400,179.6985
16.5500,179.6311
16.5600,179.5635
16.5700,179.4957
16.5800,179.4278
16.5900,179.3598
16.6000,179.2915
16.6100,179.2232
16.6200,179.1546
16.6300,179.0859
16.6400,179.0171
16.6500,178.9480
16.6600,178.8789
16.6700,178.8095
16.6800,178.7400
16.6900,178.6704
16.7000,178.6005
16.7100,178.5305
16.7200,178.4604
16.7300,178.3901
16.7400,178.3196
16.7500,178.2490
16.7600,178.1782
16.7700,178.1072
16.7800,178.0360
16.7900,177.9647
16.8000,177.8933
16.8100,177.8216
16.8200,177.7498
16.8300,177.6779
16.8400,177.6058
16.8500,177.5335
16.8600,177.4610
16.8700,177.3883
16.8800,177.3155
16.8900,177.2426
16.9000,177.1694
16.9100,177.0961
16.9200,177.0226
16.9300,176.9490
16.9400,176.8752
16.9500,176.8012
16.9600,176.7270
16.9700,176.6527
16.9800,176.5782
16.9900,176.5035
17.0000,176.4286
17.0100,176.3536
17.0200,176.2784
17.0300,176.2030
17.0400,176.1275
17.0500,176.0518
17.0600,175.9759
17.0700,175.8998
17.0800,175.8235
17.0900,175.7471
17.1000,175.6705
17.1100,175.5937
17.1200,175.5168
17.1300,175.4397
17.1400,175.3624
17.1500,175.2849
17.1600,175.2072
17.1700,175.1294
17.1800,175.0514
17.1900,174.9732
17.2000,174.8948
17.2100,174.8162
17.2200,174.7375
17.2300,174.6586
17.2400,174.5795
17.2500,174.5002
17.2600,174.4207
17.2700,174.3411
17.2800,174.2613
17.2900,174.1813
17.3000,174.1011
17.3100,174.0207
17.3200,173.9401
17.3300,173.8594
17.3400,173.7785
17.3500,173.6974
17.3600,173.6161
17.3700,173.5346
17.3800,173.4530
17.3900,173.3711
17.4000,173.2891
17.4100,173.2069
17.4200,173.1245
17.4300,173.0419
17.4400,172.9591
17.4500,172.8761
17.4600,172.7930
17.4700,172.7097
17.4800,172.6261
17.4900,172.5424
17.5000,172.4585
17.5100,172.3744
17.5200,172.2901
17.5300,172.2057
17.5400,172.1210
17.5500,172.0362
17.5600,171.9511
17.5700,171.8659
17.5800,171.7805
17.5900,171.6949
17.6000,171.6091
17.6100,171.5231
17.6200,171.4369
17.6300,171.3505
17.6400,171.2639
17.6500,171.1772
17.6600,171.0902
17.6700,171.0031
17.6800,170.9158
17.6900,170.8282
17.7000,170.7405
17.7100,170.6526
17.7200,170.5645
17.7300,170.4762
17.7400,170.3877
17.7500,170.2990
17.7600,170.2101
17.7700,170.1210
17.7800,170.0317
17.7900,169.9422
17.8000,169.8526
17.8100,169.7627
17.8200,169.6726
17.8300,169.5824
17.8400,169.4919
17.8500,169.4012
17.8600,169.3104
17.8700,169.2193
17.8800,169.1281
17.8900,169.0367
17.9000,168.9450
17.9100,168.8532
17.9200,168.7611
17.9300,168.6689
17.9400,168.5765
17.9500,168.4839
17.9600,168.3910
17.9700,168.2980
17.9800,168.2048
17.9900,168.1113
18.0000,168.1113
18.0100,168.1113
18.0200,168.1113
18.0300,168.1113
18.0400,168.1113
18.0500,168.1113
18.0600,168.1113
18.0700,168.1113
18.0800,168.1113
18.0900,168.1113
18.1000,168.1113
18.1100,168.1113
18.1200,168.1113
18.1300,168.1113
18.1400,168.1113
18.1500,168.1113
18.1600,168.1113
18.1700,168.1113
18.1800,168.1113
18.1900,168.1113
18.2000,168.1113
18.2100,168.1113
18.2200,168.1113
18.2300,168.1113
18.2400,168.1113
18.2500,168.1113
18.2600,168.1113
18.2700,168.1113
18.2800,168.1113
18.2900,168.1113
18.3000,168.1113
18.3100,168.1113
18.3200,168.1113
18.3300,168.1113
18.3400,168.1113
18.3500,168.1113
18.3600,168.1113
18.3700,168.1113
18.3800,168.1113
18.3900,168.1113
18.4000,168.1113
18.4100,168.1113
18.4200,168.1113
18.4300,168.1113
18.4400,168.1113
18.4500,168.1113
18.4600,168.1113
18.4700,168.1113
18.4800,168.1113
18.4900,168.1113
18.5000,168.1113
18.5100,168.1113
18.5200,168.1113
18.5300,168.1113
18.5400,168.1113
18.5500,168.1113
18.5600,168.1113
18.5700,168.1113
18.5800,168.1113
18.5900,168.1113
18.6000,168.1113
18.6100,168.1113
18.6200,168.1113
18.6300,168.1113
18.6400,168.1113
18.6500,168.1113
18.6600,168.1113
18.6700,168.1113
18.6800,168.1113
18.6900,168.1113
18.7000,168.1113
18.7100,168.1113
18.7200,168.1113
18.7300,168.1113
18.7400,168.1113
18.7500,168.1113
18.7600,168.1113
18.7700,168.1113
18.7800,168.1113
18.7900,168.1113
18.8000,168.1113
18.8100,168.1113
18.8200,168.1113
18.8300,168.1113
18.8400,168.1113
18.8500,168.1113
18.8600,168.1113
18.8700,168.1113
18.8800,168.1113
18.8900,168.1113
18.9000,168.1113
18.9100,168.1113
18.9200,168.1113
18.9300,168.1113
18.9400,168.1113
18.9500,168.1113
18.9600,168.1113
18.9700,168.1113
18.9800,168.1113
18.9900,168.1113
19.0000,168.1113
19.0100,168.1113
19.0200,168.1113
19.0300,168.1113
19.0400,168.1113
19.0500,168.1113
19.0600,168.1113
19.0700,168.1113
19.0800,168.1113
19.0900,168.1113
19.1000,168.1113
19.1100,168.1113
19.1200,168.1113
19.1300,168.1113
19.1400,168.1113
19.1500,168.1113
19.1600,168.1113
19.1700,168.1113
19.1800,168.1113
19.1900,168.1113
19.2000,168.1113
19.2100,168.1113
19.2200,168.1113
19.2300,168.1113
19.2400,168.1113
19.2500,168.1113
19.2600,168.1113
19.2700,168.1113
19.2800,168.1113
19.2900,168.1113
19.3000,168.1113
19.3100,168.1113
19.3200,168.1113
19.3300,168.1113
19.3400,168.1113
19.3500,168.1113
19.3600,168.1113
19.3700,168.1113
19.3800,168.1113
19.3900,168.1113
19.4000,168.1113
19.4100,168.1113
19.4200,168.1113
19.4300,168.1113
19.4400,168.1113
19.4500,168.1113
19.4600,168.1113
19.4700,168.1113
19.4800,168.1113
19.4900,168.1113
19.5000,168.1113
19.5100,168.1113
19.5200,168.1113
19.5300,168.1113
19.5400,168.1113
19.5500,168.1113
19.5600,168.1113
19.5700,168.1113
19.5800,168.1113
19.5900,168.1113
19.6000,168.1113
19.6100,168.1113
19.6200,168.1113
19.6300,168.1113
19.6400,168.1113
19.6500,168.1113
19.6600,168.1113
19.6700,168.1113
19.6800,168.1113
19.6900,168.1113
19.7000,168.1113
19.7100,168.1113
19.7200,168.1113
19.7300,168.1113
19.7400,168.1113
19.7500,168.1113
19.7600,168.1113
19.7700,168.1113
19.7800,168.1113
19.7900,168.1113
19.8000,168.1113
19.8100,168.1113
19.8200,168.1113
19.8300,168.1113
19.8400,168.1113
19.8500,168.1113
19.8600,168.1113
19.8700,168.1113
19.8800,168.1113
19.8900,168.1113
19.9000,168.1113
19.9100,168.1113
19.9200,168.1113
19.9300,168.1113
19.9400,168.1113
19.9500,168.1113
19.9600,168.1113
19.9700,168.1113
19.9800,168.1113
19.9900,168.1113
20.0000,168.1113
20.0100,168.1113
20.0200,168.1113
20.0300,168.1113
20.0400,168.1113
20.0500,168.1113
20.0600,168.1113
20.0700,168.1113
20.0800,168.1113
20.0900,168.1113
20.1000,168.1113
20.1100,168.1113
20.1200,168.1113
20.1300,168.1113
20.1400,168.1113
20.1500,168.1113
20.1600,168.1113
20.1700,168.1113
20.1800,168.1113
20.1900,168.1113
20.2000,168.1113
20.2100,168.1113
20.2200,168.1113
20.2300,168.1113
20.2400,168.1113
20.2500,168.1113
20.2600,168.1113
20.2700,168.1113
20.2800,168.1113
20.2900,168.1113
20.3000,168.1113
20.3100,168.1113
20.3200,168.1113
20.3300,168.1113
20.3400,168.1113
20.3500,168.1113
20.3600,168.1113
20.3700,168.1113
20.3800,168.1113
20.3900,168.1113
20.4000,168.1113
20.4100,168.1113
20.4200,168.1113
20.4300,168.1113
20.4400,168.1113
20.4500,168.1113
20.4600,168.1113
20.4700,168.1113
20.4800,168.1113
20.4900,168.1113
20.5000,168.1113
20.5100,168.1113
20.5200,168.1113
20.5300,168.1113
20.5400,168.1113
20.5500,168.1113
20.5600,168.1113
20.5700,168.1113
20.5800,168.1113
20.5900,168.1113
20.6000,168.1113
20.6100,168.1113
20.6200,168.1113
20.6300,168.1113
20.6400,168.1113
20.6500,168.1113
20.6600,168.1113
20.6700,168.1113
20.6800,168.1113
20.6900,168.1113
20.7000,168.1113
20.7100,168.1113
20.7200,168.1113
20.7300,168.1113
20.7400,168.1113
20.7500,168.1113
20.7600,168.1113
20.7700,168.1113
20.7800,168.1113
20.7900,168.1113
20.8000,168.1113
20.8100,168.1113
20.8200,168.1113
20.8300,168.1113
20.8400,168.1113
20.8500,168.1113
20.8600,168.1113
20.8700,168.1113
20.8800,168.1113
20.8900,168.1113
20.9000,168.1113
20.9100,168.1113
20.9200,168.1113
20.9300,168.1113
20.9400,168.1113
20.9500,168.1113
20.9600,168.1113
20.9700,168.1113
20.9800,168.1113
20.9900,168.1113
21.0000,168.1113
21.0100,168.2272
21.0200,168.3429
21.0300,168.4587
21.0400,168.5744
21.0500,168.6901
21.0600,168.8057
21.0700,168.9213
21.0800,169.0368
21.0900,169.1523
21.1000,169.2678
21.1100,169.3832
21.1200,169.4986
21.1300,169.6139
21.1400,169.7291
21.1500,169.8444
21.1600,169.9595
21.1700,170.0747
21.1800,170.1897
21.1900,170.3047
21.2000,170.4197
21.2100,170.5346
21.2200,170.6495
21.2300,170.7643
21.2400,170.8790
21.2500,170.9937
21.2600,171.1083
21.2700,171.2229
21.2800,171.3374
21.2900,171.4518
21.3000,171.5662
21.3100,171.6805
21.3200,171.7948
21.3300,171.9090
21.3400,172.0231
21.3500,172.1372
21.3600,172.2511
21.3700,172.3651
21.3800,172.4789
21.3900,172.5927
21.4000,172.7064
21.4100,172.8201
21.4200,172.9336
21.4300,173.0471
21.4400,173.1606
21.4500,173.2739
21.4600,173.3872
21.4700,173.5004
21.4800,173.6135
21.4900,173.7265
21.5000,173.8395
21.5100,173.9524
21.5200,174.0652
21.5300,174.1779
21.5400,174.2906
21.5500,174.4031
21.5600,174.5156
21.5700,174.6280
21.5800,174.7403
21.5900,174.8525
21.6000,174.9647
21.6100,175.0767
21.6200,175.1887
21.6300,175.3005
21.6400,175.4123
21.6500,175.5240
21.6600,175.6356
21.6700,175.7471
21.6800,175.8585
21.6900,175.9699
21.7000,176.0811
21.7100,176.1922
21.7200,176.3033
21.7300,176.4142
21.7400,176.5251
21.7500,176.6358
21.7600,176.7465
21.7700,176.8570
21.7800,176.9675
21.7900,177.0778
21.8000,177.1881
21.8100,177.2982
21.8200,177.4083
21.8300,177.5182
21.8400,177.6281
21.8500,177.7378
21.8600,177.8474
21.8700,177.9570
21.8800,178.0664
21.8900,178.1757
21.9000,178.2849
21.9100,178.3940
21.9200,178.5030
21.9300,178.6119
21.9400,178.7206
21.9500,178.8293
21.9600,178.9379
21.9700,179.0463
21.9800,179.1546
21.9900,179.2628
22.0000,179.3709
22.0100,179.4789
22.0200,179.5868
22.0300,179.6945
22.0400,179.8022
22.0500,179.9097
22.0600,-179.9829
22.0700,-179.8756
22.0800,-179.7684
22.0900,-179.6614
22.1000,-179.5545
22.1100,-179.4476
22.1200,-179.3410
22.1300,-179.2344
22.1400,-179.1279
22.1500,-179.0216
22.1600,-178.9154
22.1700,-178.8093
22.1800,-178.7034
22.1900,-178.5975
22.2000,-178.4918
22.2100,-178.3862
22.2200,-178.2808
22.2300,-178.1754
22.2400,-178.0702
22.2500,-177.9652
22.2600,-177.8602
22.2700,-177.7554
22.2800,-177.6507
22.2900,-177.5461
22.3000,-177.4417
22.3100,-177.3374
22.3200,-177.2332
22.3300,-177.1291
22.3400,-177.0252
22.3500,-176.9214
22.3600,-176.8178
22.3700,-176.7143
22.3800,-176.6109
22.3900,-176.5076
22.4000,-176.4045
22.4100,-176.3015
22.4200,-176.1987
22.4300,-176.0959
22.4400,-175.9934
22.4500,-175.8909
22.4600,-175.7886
22.4700,-175.6864
22.4800,-175.5844
22.4900,-175.4825
22.5000,-175.3807
22.5100,-175.2791
22.5200,-175.1776
22.5300,-175.0763
22.5400,-174.9751
22.5500,-174.8740
22.5600,-174.7731
22.5700,-174.6723
22.5800,-174.5716
22.5900,-174.4711
22.6000,-174.3707
22.6100,-174.2705
22.6200,-174.1704
22.6300,-174.0705
22.6400,-173.9707
22.6500,-173.8710
22.6600,-173.7715
22.6700,-173.6721
22.6800,-173.5729
22.6900,-173.4738
22.7000,-173.3749
22.7100,-173.2761
22.7200,-173.1774
22.7300,-173.0789
22.7400,-172.9805
22.7500,-172.8823
22.7600,-172.7842
22.7700,-172.6863
22.7800,-172.5885
22.7900,-172.4909
22.8000,-172.3934
22.8100,-172.2961
22.8200,-172.1989
22.8300,-172.1018
22.8400,-172.0049
22.8500,-171.9082
22.8600,-171.8115
22.8700,-171.7151
22.8800,-171.6188
22.8900,-171.5226
22.9000,-171.4266
22.9100,-171.3307
22.9200,-171.2350
22.9300,-171.1395
22.9400,-171.0440
22.9500,-170.9488
22.9600,-170.8537
22.9700,-170.7587
22.9800,-170.6639
22.9900,-170.5692
23.0000,-170.4747
23.0100,-170.3803
23.0200,-170.2861
23.0300,-170.1920
23.0400,-170.0981
23.0500,-170.0044
23.0600,-169.9107
23.0700,-169.8173
23.0800,-169.7240
23.0900,-169.6308
23.1000,-169.5378
23.1100,-169.4450
23.1200,-169.3523
23.1300,-169.2597
23.1400,-169.1673
23.1500,-169.0751
23.1600,-168.9830
23.1700,-168.8910
23.1800,-168.7993
23.1900,-168.7076
23.2000,-168.6161
23.2100,-168.5248
23.2200,-168.4336
23.2300,-168.3426
23.2400,-168.2517
23.2500,-168.1610
23.2600,-168.0705
23.2700,-167.9801
23.2800,-167.8898
23.2900,-167.7997
23.3000,-167.7097
23.3100,-167.6199
23.3200,-167.5303
23.3300,-167.4408
23.3400,-167.3515
23.3500,-167.2623
23.3600,-167.1733
23.3700,-167.0844
23.3800,-166.9957
23.3900,-166.9071
23.4000,-166.8187
23.4100,-166.7304
23.4200,-166.6423
23.4300,-166.5544
23.4400,-166.4666
23.4500,-166.3789
23.4600,-166.2915
23.4700,-166.2041
23.4800,-166.1169
23.4900,-166.0299
23.5000,-165.9430
23.5100,-165.8563
23.5200,-165.7698
23.5300,-165.6833
23.5400,-165.5971
23.5500,-165.5110
23.5600,-165.4250
23.5700,-165.3392
23.5800,-165.2536
23.5900,-165.1681
23.6000,-165.0828
23.6100,-164.9976
23.6200,-164.9126
23.6300,-164.8277
23.6400,-164.7430
23.6500,-164.6584
23.6600,-164.5740
23.6700,-164.4897
23.6800,-164.4056
23.6900,-164.3217
23.7000,-164.2379
23.7100,-164.1542
23.7200,-164.0707
23.7300,-163.9874
23.7400,-163.9042
23.7500,-163.8211
23.7600,-163.7383
23.7700,-163.6555
23.7800,-163.5730
23.7900,-163.4905
23.8000,-163.4083
23.8100,-163.3261
23.8200,-163.2442
23.8300,-163.1623
23.8400,-163.0807
23.8500,-162.9992
23.8600,-162.9178
23.8700,-162.8366
23.8800,-162.7556
23.8900,-162.6746
23.9000,-162.5939
23.9100,-162.5133
23.9200,-162.4328
23.9300,-162.3525
23.9400,-162.2724
23.9500,-162.1924
23.9600,-162.1126
23.9700,-162.0329
23.9800,-161.9533
23.9900,-161.8739
